districtcode,total_sum,M_sum,F_sum,total_0_19,M_0_19,F_0_19,total_20_39,M_20_39,F_20_39,total_40_59,M_40_59,F_40_59,total_60_79,M_60_79,F_60_79,total_80_e,M_80_e,F_80_e
4215000000,212965,105667,107298,31286,16309,14977,45781,24667,21114,68432,34733,33699,55278,25830,29448,12188,4128,8060
4215025000,16627,8122,8505,1588,855,733,2644,1462,1182,5025,2630,2395,5944,2694,3250,1426,481,945
4215031000,3449,1748,1701,328,178,150,469,277,192,1049,562,487,1227,623,604,376,108,268
4215032000,1574,843,731,59,32,27,166,110,56,408,231,177,764,399,365,177,71,106
4215033000,4225,2153,2072,482,260,222,664,363,301,1205,668,537,1482,740,742,392,122,270
4215034000,4223,2246,1977,280,150,130,690,452,238,1159,695,464,1627,804,823,467,145,322
4215035000,3495,1798,1697,236,134,102,466,295,171,954,539,415,1454,720,734,385,110,275
4215036000,4652,2412,2240,422,234,188,807,467,340,1426,772,654,1622,801,821,375,138,237
4215037000,6355,3181,3174,744,369,375,1019,564,455,1986,1036,950,2155,1057,1098,451,155,296
4215051000,15169,7387,7782,2736,1391,1345,3668,1887,1781,5055,2474,2581,3075,1426,1649,635,209,426
4215052000,4792,2299,2493,432,212,220,938,506,432,1365,727,638,1628,712,916,429,142,287
4215054000,3366,1735,1631,235,133,102,588,334,254,1004,564,440,1250,582,668,289,122,167
4215055000,25882,12620,13262,4573,2347,2226,6169,3237,2932,8854,4293,4561,5171,2341,2830,1115,402,713
4215056000,7746,3841,3905,932,491,441,1691,902,789,2402,1213,1189,2252,1072,1180,469,163,306
4215057100,10448,5149,5299,1155,610,545,2155,1169,986,3392,1722,1670,3166,1416,1750,580,232,348
4215057200,12792,6283,6509,1632,857,775,2853,1538,1315,4139,2077,2062,3527,1609,1918,641,202,439
4215058000,4743,2323,2420,660,323,337,1077,620,457,1615,761,854,1142,529,613,249,90,159
4215059000,10075,4827,5248,1887,938,949,2395,1209,1186,3311,1571,1740,2104,971,1133,378,138,240
4215060000,16364,8177,8187,2816,1448,1368,4344,2279,2065,5238,2657,2581,3340,1595,1745,626,198,428
4215061500,17718,8897,8821,2356,1262,1094,3467,1938,1529,5526,2938,2588,5108,2308,2800,1261,451,810
4215064500,28067,13900,14167,5576,2975,2601,6476,3418,3058,9640,4734,4906,5274,2445,2829,1101,328,773
4215066500,11203,5726,5477,2157,1110,1047,3035,1640,1395,3679,1869,1810,1966,986,980,366,121,245
4282000000,27249,14019,13230,2942,1544,1398,5057,3066,1991,7874,4280,3594,9059,4364,4695,2317,765,1552
4282025000,7110,3727,3383,1135,601,534,1765,1044,721,1993,1073,920,1751,857,894,466,152,314
4282025300,5989,2998,2991,486,248,238,769,485,284,1660,936,724,2377,1100,1277,697,229,468
4282031000,2292,1115,1177,147,80,67,251,147,104,587,327,260,1044,487,557,263,74,189
4282032000,3468,1786,1682,272,139,133,575,351,224,953,522,431,1313,652,661,355,122,233
4282033000,8390,4393,3997,902,476,426,1697,1039,658,2681,1422,1259,2574,1268,1306,536,188,348
4282034000,0,0,0,0,0,0,0,0,0,0,0,0,0,0,0,0,0,0
4217000000,90081,45795,44286,14807,7678,7129,18038,10200,7838,29959,15604,14355,22673,10720,11953,4604,1593,3011
4217051000,30710,15291,15419,5810,2959,2851,6916,3835,3081,10252,4982,5270,6718,3179,3539,1014,336,678
4217052000,3754,2050,1704,335,179,156,781,513,268,1110,646,464,1196,589,607,332,123,209
4217053000,20007,10386,9621,4014,2125,1889,4333,2470,1863,7409,3811,3598,3614,1738,1876,637,242,395
4217054000,4951,2403,2548,495,266,229,748,397,351,1534,806,728,1820,820,1000,354,114,240
4217055000,5118,2586,2532,719,376,343,872,471,401,1642,907,735,1581,717,864,304,115,189
4217057000,3344,1702,1642,241,121,120,434,276,158,950,545,405,1375,644,731,344,116,228
4217059000,3086,1538,1548,253,138,115,341,191,150,893,524,369,1254,549,705,345,136,209
4217060000,12817,6607,6210,2369,1225,1144,2749,1515,1234,4268,2277,1991,2814,1384,1430,617,206,411
4217063000,3491,1764,1727,334,168,166,484,289,195,1029,577,452,1273,612,661,371,118,253
4217065000,2803,1468,1335,237,121,116,380,243,137,872,529,343,1028,488,540,286,87,199
4223000000,63429,32043,31386,8542,4367,4175,11931,6559,5372,19417,10586,8831,18835,9070,9765,4704,1461,3243
4223025000,9538,4719,4819,1089,510,579,2121,1098,1023,2529,1409,1120,3116,1508,1608,683,194,489
4223025300,3217,1692,1525,199,102,97,425,288,137,955,586,369,1245,606,639,393,110,283
4223025400,1687,840,847,102,53,49,200,118,82,514,293,221,679,317,362,192,59,133
4223031000,5063,2612,2451,283,156,127,572,363,209,1409,874,535,2073,1006,1067,726,213,513
4223032000,1296,701,595,57,33,24,128,73,55,387,229,158,581,309,272,143,57,86
4223033000,714,389,325,17,8,9,52,33,19,195,132,63,334,177,157,116,39,77
4223034000,1807,944,863,93,56,37,151,90,61,507,318,189,794,411,383,262,69,193
4223035000,669,342,327,33,20,13,42,24,18,187,115,72,313,152,161,94,31,63
4223036000,665,359,306,24,12,12,55,32,23,197,131,66,291,148,143,98,36,62
4223051000,7478,3680,3798,722,377,345,1248,713,535,2278,1165,1113,2664,1238,1426,566,187,379
4223053000,14387,7306,7081,3261,1670,1591,3678,1959,1719,4806,2446,2360,2250,1089,1161,392,142,250
4223054000,8924,4526,4398,1419,742,677,1828,990,838,2978,1619,1359,2211,1028,1183,488,147,341
4223057000,7984,3933,4051,1243,628,615,1431,778,653,2475,1269,1206,2284,1081,1203,551,177,374
4221000000,82791,41080,41711,12841,6608,6233,18070,9986,8084,27217,13523,13694,20648,9661,10987,4015,1302,2713
4221051000,4427,2303,2124,402,225,177,796,470,326,1355,746,609,1575,765,810,299,97,202
4221052000,3592,1805,1787,488,257,231,613,334,279,1176,609,567,1093,532,561,222,73,149
4221054000,6024,2945,3079,644,333,311,1052,606,446,1880,946,934,1986,911,1075,462,149,313
4221056000,9564,4687,4877,1284,671,613,2101,1178,923,3008,1469,1539,2665,1205,1460,506,164,342
4221057000,21873,10928,10945,3542,1801,1741,4701,2619,2082,7449,3670,3779,5173,2527,2646,1008,311,697
4221058000,29264,14306,14958,5735,2919,2816,7319,3914,3405,9896,4756,5140,5415,2425,2990,899,292,607
4221059000,4932,2497,2435,547,286,261,1029,582,447,1517,821,696,1484,695,789,355,113,242
4221060000,3115,1609,1506,199,116,83,459,283,176,936,506,430,1257,601,656,264,103,161
4280000000,21748,11464,10284,3578,1792,1786,5327,3270,2057,5835,3128,2707,5603,2802,2801,1405,472,933
4280025000,13802,7012,6790,2906,1430,1476,3543,1982,1561,3814,1982,1832,2869,1402,1467,670,216,454
4280031500,3359,1894,1465,283,156,127,687,513,174,873,510,363,1190,603,587,326,112,214
4280032000,2039,1132,907,187,97,90,557,385,172,482,264,218,635,322,313,178,64,114
4280033000,1290,746,544,99,51,48,356,279,77,276,151,125,437,223,214,122,42,80
4280034000,1258,680,578,103,58,45,184,111,73,390,221,169,472,252,220,109,38,71
4283000000,27913,14251,13662,3039,1589,1450,4571,2626,1945,8382,4522,3860,9575,4691,4884,2346,823,1523
4283025000,12687,6462,6225,1920,1010,910,2447,1384,1063,4094,2121,1973,3445,1673,1772,781,274,507
4283031000,2786,1432,1354,213,118,95,346,202,144,793,450,343,1139,542,597,295,120,175
4283032000,2306,1162,1144,149,65,84,344,191,153,655,376,279,883,426,457,275,104,171
4283033000,2596,1340,1256,169,90,79,351,218,133,689,366,323,1110,561,549,277,105,172
4283034000,2967,1529,1438,198,100,98,360,207,153,785,470,315,1251,643,608,373,109,264
4283035000,4571,2326,2245,390,206,184,723,424,299,1366,739,627,1747,846,901,345,111,234
4275000000,37904,19626,18278,4297,2309,1988,5756,3247,2509,11419,6282,5137,13191,6654,6537,3241,1134,2107
4275025000,20799,10637,10162,3237,1765,1472,4061,2222,1839,6619,3491,3128,5577,2708,2869,1305,451,854
4275025300,1025,531,494,50,30,20,83,48,35,281,170,111,465,238,227,146,45,101
4275031200,1426,759,667,79,36,43,115,80,35,434,256,178,627,329,298,171,58,113
4275032500,1698,880,818,102,52,50,130,80,50,503,270,233,789,420,369,174,58,116
4275033000,2074,1097,977,114,49,65,213,132,81,595,360,235,905,470,435,247,86,161
4275034000,2225,1187,1038,133,68,65,225,144,81,613,375,238,1010,527,483,244,73,171
4275035500,1212,678,534,85,45,40,159,97,62,367,228,139,490,262,228,111,46,65
4275035900,1658,897,761,95,44,51,215,141,74,431,273,158,710,360,350,207,79,128
4275036000,3740,1914,1826,279,157,122,381,215,166,1024,559,465,1605,825,780,451,158,293
4275038000,2047,1046,1001,123,63,60,174,88,86,552,300,252,1013,515,498,185,80,105
4213000000,357757,177396,180361,62782,32208,30574,90367,47094,43273,118119,58657,59462,71478,34433,37045,15011,5004,10007
4213025000,17887,9149,8738,2621,1327,1294,3806,2100,1706,6251,3297,2954,4233,2099,2134,976,326,650
4213031000,8439,4471,3968,809,417,392,1602,987,615,2556,1374,1182,2804,1462,1342,668,231,437
4213032000,3643,1920,1723,218,124,94,526,311,215,996,585,411,1445,753,692,458,147,311
4213033000,29029,14255,14774,7414,3669,3745,9516,4718,4798,8377,4137,4240,3198,1574,1624,524,157,367
4213035000,2226,1134,1092,121,50,71,215,126,89,488,298,190,1073,553,520,329,107,222
4213036000,2163,1114,1049,110,55,55,244,149,95,582,328,254,969,491,478,258,91,167
4213037000,9256,4873,4383,1130,581,549,2361,1338,1023,2842,1525,1317,2374,1239,1135,549,190,359
4213038000,7385,3888,3497,1037,536,501,1875,1054,821,2561,1369,1192,1568,816,752,344,113,231
4213039000,3574,1827,1747,163,92,71,372,210,162,988,535,453,1623,833,790,428,157,271
4213051500,2577,1378,1199,141,77,64,349,191,158,788,491,297,987,516,471,312,103,209
4213052000,4562,2176,2386,492,258,234,1136,575,561,1392,696,696,1224,548,676,318,99,219
4213053000,12740,6093,6647,1887,983,904,2769,1440,1329,4086,1936,2150,3226,1472,1754,772,262,510
4213054100,8398,4039,4359,1101,539,562,1826,977,849,2733,1293,1440,2240,1050,1190,498,180,318
4213054200,15519,7504,8015,2306,1136,1170,3495,1823,1672,5370,2612,2758,3568,1696,1872,780,237,543
4213055000,44736,21951,22785,8447,4367,4080,12148,6402,5746,15797,7554,8243,7020,3205,3815,1324,423,901
4213056000,8576,4134,4442,979,517,462,2531,1271,1260,2352,1151,1201,2192,996,1196,522,199,323
4213057500,4693,2334,2359,412,227,185,920,507,413,1500,795,705,1491,681,810,370,124,246
4213059000,28820,14044,14776,4439,2311,2128,8528,4466,4062,9322,4315,5007,5617,2637,2980,914,315,599
4213060000,13573,7172,6401,2160,1177,983,3534,1980,1554,4427,2351,2076,2914,1467,1447,538,197,341
4213061000,10306,5156,5150,1835,943,892,2208,1138,1070,3487,1812,1675,2306,1091,1215,470,172,298
4213062000,24745,12363,12382,4183,2186,1997,5638,2993,2645,8564,4335,4229,5292,2508,2784,1068,341,727
4213063500,7941,3927,4014,884,495,389,1476,830,646,2471,1256,1215,2449,1138,1311,661,208,453
4213065000,7835,3887,3948,1354,704,650,1681,879,802,2679,1305,1374,1741,867,874,380,132,248
4213066000,34415,16870,17545,7598,3983,3615,8997,4610,4387,11995,5647,6348,5065,2385,2680,760,245,515
4213067500,44719,21737,22982,10941,5454,5487,12614,6019,6595,15515,7660,7855,4859,2356,2503,790,248,542
4281000000,32165,17461,14704,4735,2450,2285,8190,5133,3057,9045,4925,4120,8319,4311,4008,1876,642,1234
4281025000,10303,5414,4889,1894,985,909,2672,1534,1138,3033,1608,1425,2228,1124,1104,476,163,313
4281025100,525,279,246,46,23,23,63,38,25,178,99,79,197,103,94,41,16,25
4281031000,3761,2026,1735,468,221,247,999,641,358,930,520,410,1093,557,536,271,87,184
4281032000,8035,4335,3700,1123,588,535,1828,1111,717,2452,1346,1106,2134,1115,1019,498,175,323
4281033000,4977,2701,2276,682,353,329,1187,743,444,1388,745,643,1410,755,655,310,105,205
4281034000,2567,1556,1011,319,169,150,921,691,230,553,326,227,624,319,305,150,51,99
4281035000,1997,1150,847,203,111,92,520,375,145,511,281,230,633,338,295,130,45,85
4277000000,35675,18565,17110,4040,2075,1965,5380,3060,2320,11308,6400,4908,12298,6172,6126,2649,858,1791
4277025000,10460,5366,5094,1566,824,742,1825,1015,810,3437,1845,1592,2962,1470,1492,670,212,458
4277025300,4363,2290,2073,491,236,255,941,536,405,1386,823,563,1342,626,716,203,69,134
4277025600,4694,2444,2250,639,321,318,789,432,357,1629,903,726,1438,720,718,199,68,131
4277025900,1822,948,874,179,84,95,212,131,81,548,319,229,720,356,364,163,58,105
4277026000,1592,794,798,143,73,70,193,113,80,469,278,191,638,297,341,149,33,116
4277032000,3172,1686,1486,309,155,154,418,252,166,1036,593,443,1195,621,574,214,65,149
4277034000,2476,1252,1224,236,121,115,297,176,121,749,411,338,921,456,465,273,88,185
4277035000,3475,1845,1630,228,113,115,334,201,133,995,580,415,1496,795,701,422,156,266
4277036000,1630,889,741,124,72,52,159,91,68,522,325,197,677,356,321,148,45,103
4277037000,1991,1051,940,125,76,49,212,113,99,537,323,214,909,475,434,208,64,144
4278000000,43340,22453,20887,6784,3442,3342,9738,5885,3853,12412,6600,5812,11627,5562,6065,2779,964,1815
4278025000,5262,2666,2596,866,443,423,1180,664,516,1492,797,695,1388,651,737,336,111,225
4278025300,3476,1858,1618,600,317,283,927,572,355,833,461,372,864,414,450,252,94,158
4278025600,11855,6326,5529,1729,899,830,2722,1723,999,3550,1871,1679,3179,1572,1607,675,261,414
4278025900,14941,7523,7418,2501,1217,1284,3084,1773,1311,4455,2338,2117,3968,1885,2083,933,310,623
4278031000,1841,1019,822,237,128,109,584,400,184,394,221,173,489,228,261,137,42,95
4278031500,3671,1858,1813,543,278,265,726,426,300,1140,619,521,1003,454,549,259,81,178
4278032000,2190,1155,1035,305,158,147,512,325,187,522,276,246,686,341,345,165,55,110
4278033000,104,48,56,3,2,1,3,2,1,26,17,9,50,17,33,22,10,12
4278034000,0,0,0,0,0,0,0,0,0,0,0,0,0,0,0,0,0,0
4278035000,0,0,0,0,0,0,0,0,0,0,0,0,0,0,0,0,0,0
4278036000,0,0,0,0,0,0,0,0,0,0,0,0,0,0,0,0,0,0
4278037000,0,0,0,0,0,0,0,0,0,0,0,0,0,0,0,0,0,0
4211000000,284594,140584,144010,47302,24462,22840,71816,37664,34152,88769,44304,44465,62064,29088,32976,14643,5066,9577
4211025000,7562,3787,3775,745,373,372,1379,752,627,2234,1193,1041,2446,1203,1243,758,266,492
4211031000,19655,9723,9932,4471,2303,2168,4250,2151,2099,6621,3310,3311,3628,1735,1893,685,224,461
4211032000,1449,783,666,83,45,38,195,117,78,337,204,133,645,349,296,189,68,121
4211033000,2602,1351,1251,236,117,119,430,254,176,740,421,319,939,471,468,257,88,169
4211034000,1073,580,493,50,31,19,97,62,35,272,164,108,500,262,238,154,61,93
4211035000,3782,1942,1840,275,150,125,458,246,212,998,576,422,1563,817,746,488,153,335
4211036000,2496,1238,1258,197,104,93,281,175,106,638,317,321,1087,547,540,293,95,198
4211038000,967,529,438,31,15,16,72,46,26,247,144,103,501,275,226,116,49,67
4211039000,17202,8586,8616,3011,1554,1457,4350,2263,2087,5629,2861,2768,3471,1645,1826,741,263,478
4211040000,3428,1812,1616,220,128,92,454,257,197,985,569,416,1422,731,691,347,127,220
4211052000,3543,1825,1718,260,152,108,1322,720,602,857,457,400,877,423,454,227,73,154
4211053000,2700,1308,1392,192,107,85,627,323,304,799,428,371,821,370,451,261,80,181
4211054500,3339,1582,1757,415,199,216,856,436,420,977,502,475,857,372,485,234,73,161
4211057000,8516,4303,4213,1510,822,688,2436,1262,1174,2319,1256,1063,1759,782,977,492,181,311
4211058000,9308,4571,4737,1466,768,698,2314,1217,1097,2923,1470,1453,2110,945,1165,495,171,324
4211060000,11550,5762,5788,1283,677,606,3175,1724,1451,3336,1707,1629,3024,1404,1620,732,250,482
4211061000,14595,6944,7651,2603,1330,1273,4207,2100,2107,4393,2088,2305,2716,1203,1513,676,223,453
4211061100,20829,9921,10908,3596,1818,1778,5263,2701,2562,6411,3046,3365,4524,2031,2493,1035,325,710
4211062000,4413,2206,2207,680,360,320,958,510,448,1390,709,681,1099,508,591,286,119,167
4211063000,12008,6349,5659,1001,521,480,4192,2459,1733,3145,1760,1385,2885,1330,1555,785,279,506
4211064000,4362,2223,2139,351,183,168,1537,815,722,1108,608,500,1064,491,573,302,126,176
4211065000,34593,16986,17607,6429,3254,3175,8593,4516,4077,11801,5760,6041,6364,2953,3411,1406,503,903
4211066000,48812,23540,25272,9860,5061,4799,12303,6258,6045,16382,7733,8649,8455,3868,4587,1812,620,1192
4211067500,22607,11047,11560,3818,1987,1831,6071,3098,2973,7129,3428,3701,4750,2245,2505,839,289,550
4211070500,23203,11686,11517,4519,2403,2116,5996,3202,2794,7098,3593,3505,4557,2128,2429,1033,360,673
4219000000,40844,20656,20188,5966,3107,2859,6748,3744,3004,13076,7020,6056,12593,5936,6657,2461,849,1612
4219051500,6128,3031,3097,990,515,475,1120,620,500,1939,989,950,1777,806,971,302,101,201
4219052500,4262,2161,2101,462,238,224,580,339,241,1314,728,586,1637,765,872,269,91,178
4219053500,5725,2946,2779,842,454,388,841,478,363,1771,1017,754,1856,845,1011,415,152,263
4219054000,13106,6626,6480,2554,1319,1235,2658,1435,1223,4699,2432,2267,2752,1298,1454,443,142,301
4219058500,3810,1914,1896,409,192,217,529,279,250,1178,637,541,1433,699,734,261,107,154
4219059500,3334,1647,1687,334,159,175,509,290,219,1027,546,481,1184,571,613,280,81,199
4219060500,2497,1300,1197,259,171,88,265,146,119,634,373,261,1084,527,557,255,83,172
4219061500,1982,1031,951,116,59,57,246,157,89,514,298,216,870,425,445,236,92,144
4276000000,40996,21091,19905,4439,2295,2144,6064,3452,2612,12855,6967,5888,14362,7262,7100,3276,1115,2161
4276025000,8444,4302,4142,1091,550,541,1381,771,610,2600,1377,1223,2713,1384,1329,659,220,439
4276031000,1650,866,784,101,52,49,164,100,64,512,299,213,714,374,340,159,41,118
4276032000,852,445,407,55,33,22,84,49,35,223,115,108,394,206,188,96,42,54
4276032500,1684,877,807,120,59,61,164,85,79,482,260,222,769,423,346,149,50,99
4276033000,5177,2641,2536,513,249,264,666,382,284,1562,857,705,1927,979,948,509,174,335
4276034000,5712,3004,2708,674,348,326,812,461,351,1874,1025,849,1961,1027,934,391,143,248
4276035000,3050,1537,1513,284,149,135,350,192,158,1012,541,471,1119,557,562,285,98,187
4276036000,8546,4294,4252,983,516,467,1267,699,568,2642,1393,1249,2979,1464,1515,675,222,453
4276038000,5881,3125,2756,618,339,279,1176,713,463,1948,1100,848,1786,848,938,353,125,228
4272000000,68365,35184,33181,8497,4314,4183,12215,7052,5163,20095,10697,9398,22218,11282,10936,5340,1839,3501
4272025000,34186,17266,16920,5846,2984,2862,7647,4236,3411,11022,5645,5377,7936,3811,4125,1735,590,1145
4272031000,4528,2414,2114,249,140,109,622,399,223,1095,650,445,2024,1051,973,538,174,364
4272032000,2434,1212,1222,141,73,68,231,131,100,579,313,266,1159,582,577,324,113,211
4272033000,2384,1244,1140,119,68,51,205,120,85,628,350,278,1132,598,534,300,108,192
4272034000,3719,1906,1813,302,161,141,461,265,196,1036,555,481,1536,797,739,384,128,256
4272035200,4075,2114,1961,287,156,131,441,259,182,1099,616,483,1818,932,886,430,151,279
4272036000,6197,3312,2885,784,343,441,1349,893,456,1467,809,658,2040,1076,964,557,191,366
4272037000,3776,1976,1800,209,104,105,429,271,158,1061,567,494,1685,888,797,392,146,246
4272038000,3922,2067,1855,305,153,152,495,288,207,1143,650,493,1570,842,728,409,134,275
4272039000,3144,1673,1471,255,132,123,335,190,145,965,542,423,1318,705,613,271,104,167
4279000000,24195,13138,11057,3430,1749,1681,6330,4112,2218,6366,3459,2907,6340,3235,3105,1729,583,1146
4279025000,8335,4354,3981,1446,760,686,2099,1233,866,2382,1257,1125,1895,937,958,513,167,346
4279031000,2688,1440,1248,187,92,95,377,256,121,793,442,351,1038,549,489,293,101,192
4279032000,2803,1467,1336,354,179,175,472,254,218,861,483,378,862,462,400,254,89,165
4279033000,4077,2473,1604,416,190,226,1558,1209,349,786,459,327,1014,518,496,303,97,206
4279034000,6292,3404,2888,1027,528,499,1824,1160,664,1544,818,726,1531,769,762,366,129,237
4273000000,46481,23859,22622,5549,2912,2637,6862,3794,3068,13428,7242,6186,16624,8508,8116,4018,1403,2615
4273025000,20967,10564,10403,3423,1768,1655,4205,2245,1960,6606,3494,3112,5382,2600,2782,1351,457,894
4273031000,4456,2340,2116,320,172,148,567,344,223,1233,679,554,1881,984,897,455,161,294
4273032000,3101,1588,1513,585,312,273,238,129,109,721,384,337,1265,657,608,292,106,186
4273033000,5838,3037,2801,617,333,284,735,425,310,1729,945,784,2245,1152,1093,512,182,330
4273034000,2426,1259,1167,105,53,52,226,117,109,622,344,278,1173,632,541,300,113,187
4273035000,2379,1212,1167,101,51,50,187,111,76,611,328,283,1202,642,560,278,80,198
4273036000,3473,1816,1657,178,90,88,342,207,135,927,526,401,1590,837,753,436,156,280
4273037000,2092,1114,978,116,64,52,227,133,94,512,290,222,997,542,455,240,85,155
4273038000,1749,929,820,104,69,35,135,83,52,467,252,215,889,462,427,154,63,91
4182000000,62264,32129,30135,7613,3897,3716,11629,6575,5054,18887,10079,8808,19734,9932,9802,4401,1646,2755
4182025000,19478,9927,9551,2744,1448,1296,3983,2158,1825,6019,3206,2813,5410,2631,2779,1322,484,838
4182031000,9663,4964,4699,1280,621,659,1700,940,760,2800,1483,1317,3167,1641,1526,716,279,437
4182032500,13956,7127,6829,1556,784,772,2397,1340,1057,4505,2419,2086,4495,2209,2286,1003,375,628
4182033000,5626,2977,2649,383,209,174,901,578,323,1669,874,795,2232,1151,1081,441,165,276
4182034500,9672,5145,4527,1335,684,651,2167,1273,894,2807,1494,1313,2830,1489,1341,533,205,328
4182035000,3869,1989,1880,315,151,164,481,286,195,1087,603,484,1600,811,789,386,138,248
4129000000,73345,36092,37253,13502,6966,6536,20379,10427,9952,23569,11427,12142,13374,6381,6993,2521,891,1630
4129051000,10925,5286,5639,1773,891,882,2955,1513,1442,3445,1609,1836,2283,1112,1171,469,161,308
4129052000,16891,8224,8667,4042,2047,1995,4293,2062,2231,5717,2825,2892,2407,1126,1281,432,164,268
4129053000,13842,6707,7135,2417,1226,1191,3868,1963,1905,4435,2083,2352,2592,1254,1338,530,181,349
4129054000,15002,7408,7594,2840,1499,1341,4462,2266,2196,4712,2265,2447,2508,1211,1297,480,167,313
4129055000,9212,4815,4397,1157,609,548,2801,1580,1221,2828,1468,1360,2107,1034,1073,319,124,195
4129056000,7473,3652,3821,1273,694,579,2000,1043,957,2432,1177,1255,1477,644,833,291,94,197
4121000000,292893,144384,148509,51353,26347,25006,76757,39492,37265,98771,48920,49851,57050,26731,30319,8962,2894,6068
4121051000,149,82,67,4,3,1,23,14,9,65,40,25,53,23,30,4,2,2
4121052000,3188,1618,1570,308,171,137,728,418,310,1024,535,489,979,444,535,149,50,99
4121054000,9884,4808,5076,965,506,459,2424,1322,1102,3209,1581,1628,2829,1238,1591,457,161,296
4121055000,13363,6546,6817,1494,738,756,3462,1839,1623,4197,2087,2110,3707,1715,1992,503,167,336
4121056000,13496,6658,6838,1942,1012,930,3291,1738,1553,4433,2201,2232,3311,1530,1781,519,177,342
4121057000,10477,5174,5303,1841,936,905,2422,1240,1182,3525,1742,1783,2360,1136,1224,329,120,209
4121058000,21359,10556,10803,3384,1680,1704,5908,3077,2831,6801,3379,3422,4646,2208,2438,620,212,408
4121059000,10917,5410,5507,2183,1132,1051,2939,1524,1415,3804,1817,1987,1748,852,896,243,85,158
4121060000,5766,3048,2718,557,277,280,1582,875,707,1995,1093,902,1386,714,672,246,89,157
4121061000,34822,17075,17747,7410,3791,3619,8330,4142,4188,12307,5959,6348,5908,2875,3033,867,308,559
4121062000,13074,6543,6531,2119,1102,1017,3938,2037,1901,4335,2182,2153,2394,1135,1259,288,87,201
4121063100,25943,12945,12998,5250,2698,2552,6091,3154,2937,9274,4612,4662,4655,2279,2376,673,202,471
4121063200,13831,6515,7316,1907,955,952,4201,2161,2040,4514,2185,2329,2590,1054,1536,619,160,459
4121063300,19994,9459,10535,3111,1635,1476,5134,2576,2558,6624,3244,3380,4118,1727,2391,1007,277,730
4121063400,12335,5981,6354,2245,1151,1094,3633,1874,1759,4277,2023,2254,1870,834,1036,310,99,211
4121064000,31670,15424,16246,7035,3604,3431,7431,3658,3773,10988,5328,5660,5443,2595,2848,773,239,534
4121065000,28666,14350,14316,4783,2477,2306,7073,3821,3252,9486,4779,4707,6349,2944,3405,975,329,646
4121065500,21861,11006,10855,4673,2394,2279,7750,3789,3961,7299,3761,3538,1955,1012,943,184,50,134
4121066000,2098,1186,912,142,85,57,397,233,164,614,372,242,749,416,333,196,80,116
4161000000,387289,197673,189616,67228,34353,32875,100680,52847,47833,133287,69322,63965,75442,37274,38168,10652,3877,6775
4161025000,112984,57022,55962,19507,10010,9497,32091,16688,15403,38392,19665,18727,20249,9662,10587,2745,997,1748
4161025300,46550,24168,22382,8166,4185,3981,11609,6133,5476,16357,8739,7618,9037,4620,4417,1381,491,890
4161025900,23189,12365,10824,3085,1625,1460,5558,3079,2479,8084,4438,3646,5480,2868,2612,982,355,627
4161033000,9558,5252,4306,1050,547,503,2003,1167,836,3236,1861,1375,2747,1495,1252,522,182,340
4161034000,15844,8054,7790,2306,1207,1099,2674,1423,1251,5254,2776,2478,4819,2353,2466,791,295,496
4161035000,1490,782,708,86,45,41,204,111,93,394,226,168,644,337,307,162,63,99
4161037000,2493,1320,1173,312,167,145,380,192,188,780,440,340,824,439,385,197,82,115
4161051000,28610,14725,13885,5113,2643,2470,8272,4377,3895,9319,4947,4372,5137,2505,2632,769,253,516
4161052000,22041,11105,10936,3482,1691,1791,5581,2984,2597,7721,3947,3774,4664,2279,2385,593,204,389
4161054000,18308,9152,9156,3446,1723,1723,5073,2609,2464,6299,3137,3162,3138,1539,1599,352,144,208
4161055000,39051,19825,19226,6389,3210,3179,9948,5332,4616,14189,7166,7023,7652,3791,3861,873,326,547
4161056000,33369,17142,16227,5099,2654,2445,8775,4631,4144,11690,6097,5593,6996,3463,3533,809,297,512
4161057000,33802,16761,17041,9187,4646,4541,8512,4121,4391,11572,5883,5689,4055,1923,2132,476,188,288
4131000000,191948,95172,96776,31257,16076,15181,51033,25980,25053,66195,32810,33385,37582,18169,19413,5881,2137,3744
4131051000,30653,15161,15492,6677,3393,3284,8386,4025,4361,10181,5218,4963,4920,2364,2556,489,161,328
4131052000,37266,18332,18934,6225,3277,2948,9886,5058,4828,13129,6244,6885,6803,3297,3506,1223,456,767
4131053000,23258,11358,11900,3925,2006,1919,6327,3170,3157,8091,3925,4166,4228,1999,2229,687,258,429
4131054100,16260,8350,7910,1719,851,868,4192,2257,1935,5597,2956,2641,4047,2029,2018,705,257,448
4131054200,21817,10585,11232,4047,2036,2011,5407,2741,2666,7582,3571,4011,4132,1984,2148,649,253,396
4131057000,15617,7810,7807,1825,976,849,4318,2246,2072,5310,2633,2677,3649,1782,1867,515,173,342
4131058000,25158,12514,12644,3210,1659,1551,6692,3460,3232,8473,4298,4175,5867,2777,3090,916,320,596
4131059000,21919,11062,10857,3629,1878,1751,5825,3023,2802,7832,3965,3867,3936,1937,1999,697,259,438
4141000000,268535,133246,135289,44085,22731,21354,73938,38588,35350,90069,44198,45871,51132,24509,26623,9311,3220,6091
4141051000,33573,17722,15851,4416,2307,2109,10101,5657,4444,11380,6021,5359,6731,3389,3342,945,348,597
4141052000,43789,21774,22015,8310,4297,4013,11682,6012,5670,15060,7281,7779,7621,3793,3828,1116,391,725
4141054000,15734,7938,7796,1375,729,646,4648,2600,2048,4867,2441,2426,4123,1938,2185,721,230,491
4141055000,26686,12929,13757,4740,2420,2320,6934,3487,3447,8966,4190,4776,5190,2531,2659,856,301,555
4141056000,17228,8977,8251,1845,962,883,5049,2783,2266,5768,3053,2715,4020,1999,2021,546,180,366
4141057000,18513,8771,9742,2370,1211,1159,5642,2911,2731,5706,2667,3039,3936,1711,2225,859,271,588
4141058000,21395,10375,11020,3696,1914,1782,6301,3173,3128,7023,3344,3679,3604,1646,1958,771,298,473
4141059000,16263,7746,8517,2434,1214,1220,4051,2071,1980,5422,2593,2829,3433,1531,1902,923,337,586
4141060000,20554,10069,10485,4666,2428,2238,4568,2329,2239,7563,3604,3959,3041,1447,1594,716,261,455
4141061000,9518,4779,4739,1567,814,753,2236,1156,1080,3330,1667,1663,2040,1023,1017,345,119,226
4141062000,24718,11999,12719,4152,2143,2009,6709,3387,3322,8385,4096,4289,4345,2021,2324,1127,352,775
4141063000,20564,10167,10397,4514,2292,2222,6017,3022,2995,6599,3241,3358,3048,1480,1568,386,132,254
4157000000,486508,243415,243093,103649,52801,50848,127499,63808,63691,161639,83338,78301,80493,38684,41809,13228,4784,8444
4157025000,29059,15531,13528,4128,2184,1944,6721,3905,2816,9762,5392,4370,7099,3588,3511,1349,462,887
4157025300,48142,23991,24151,11113,5775,5338,12795,6178,6617,15608,7965,7643,7629,3706,3923,997,367,630
4157025600,29141,15356,13785,4756,2437,2319,6737,3719,3018,9821,5451,4370,6667,3348,3319,1160,401,759
4157034000,9880,5797,4083,830,452,378,1780,1131,649,3389,2158,1231,3224,1807,1417,657,249,408
4157035000,5440,2988,2452,353,156,197,904,548,356,1689,1009,680,2049,1121,928,445,154,291
4157036000,8200,4463,3737,683,366,317,1470,885,585,2493,1469,1024,2895,1497,1398,659,246,413
4157051500,60981,29983,30998,12115,6129,5986,15631,7916,7715,20927,10264,10663,10450,5010,5440,1858,664,1194
4157052500,38875,18948,19927,10137,5112,5025,9162,4400,4762,13625,6775,6850,5152,2364,2788,799,297,502
4157054000,22651,11360,11291,3507,1844,1663,5878,3119,2759,7909,3952,3957,4551,2171,2380,806,274,532
4157055000,61768,30084,31684,13340,6804,6536,16495,7887,8608,20761,10269,10492,9572,4505,5067,1600,619,981
4157056000,41316,20170,21146,10564,5270,5294,10211,4926,5285,14371,7288,7083,5357,2406,2951,813,280,533
4157057000,45249,22550,22699,10563,5268,5295,16067,7983,8084,13274,6923,6351,4757,2169,2588,588,207,381
4157057500,35971,17839,18132,8780,4482,4298,10630,5216,5414,10905,5677,5228,4986,2221,2765,670,243,427
4157058000,49835,24355,25480,12780,6522,6258,13018,5995,7023,17105,8746,8359,6105,2771,3334,827,321,506
4136000000,733798,365103,368695,141820,72983,68837,176762,89549,87213,254681,128705,125976,136968,65321,71647,23567,8545,15022
4136025000,60226,29681,30545,10727,5522,5205,13170,6796,6374,21456,10489,10967,12512,5943,6569,2361,931,1430
4136025300,93408,47191,46217,18966,9832,9134,20676,10703,9973,32840,16910,15930,17819,8624,9195,3107,1122,1985
4136025600,104016,52008,52008,19524,10170,9354,23945,12290,11655,37466,19116,18350,19732,9209,10523,3349,1223,2126
4136025700,14794,7443,7351,2922,1513,1409,3627,1850,1777,4957,2529,2428,2810,1383,1427,478,168,310
4136025900,23505,12230,11275,2647,1400,1247,5361,2984,2377,8116,4292,3824,6240,3157,3083,1141,397,744
4136026200,53494,26872,26622,10041,5197,4844,12122,6305,5817,19829,10168,9661,9629,4519,5110,1873,683,1190
4136026500,28863,14392,14471,4020,2064,1956,7031,3741,3290,9593,4727,4866,7054,3446,3608,1165,414,751
4136031000,19511,9778,9733,2997,1594,1403,4179,2136,2043,6768,3484,3284,4588,2158,2430,979,406,573
4136034000,8957,4720,4237,845,480,365,1535,870,665,2781,1549,1232,3128,1588,1540,668,233,435
4136036000,4086,2110,1976,407,209,198,781,424,357,1257,658,599,1369,710,659,272,109,163
4136051000,57475,28029,29446,13182,6794,6388,13578,6705,6873,20539,10090,10449,8675,3883,4792,1501,557,944
4136052000,36620,18078,18542,7899,4087,3812,8863,4417,4446,13296,6630,6666,5537,2577,2960,1025,367,658
4136053000,18448,9442,9006,1695,874,821,4394,2500,1894,5900,3041,2859,5436,2693,2743,1023,334,689
4136054000,4220,2416,1804,305,161,144,936,567,369,1259,751,508,1476,837,639,244,100,144
4136054500,91650,44975,46675,21712,11006,10706,25387,12162,13225,29963,15199,14764,12722,5955,6767,1866,653,1213
4136056500,35495,17336,18159,8362,4276,4086,8685,4143,4542,12727,6351,6376,5039,2328,2711,682,238,444
4136057000,79030,38402,40628,15569,7804,7765,22492,10956,11536,25934,12721,13213,13202,6311,6891,1833,610,1223
4125000000,93592,46694,46898,14222,7208,7014,21062,11219,9843,30267,15793,14474,22662,10569,12093,5379,1905,3474
4125051000,6940,3495,3445,1016,517,499,1514,814,700,2159,1137,1022,1825,873,952,426,154,272
4125052000,11901,5827,6074,1956,1010,946,2452,1280,1172,3880,2000,1880,2887,1269,1618,726,268,458
4125053500,4932,2596,2336,341,179,162,886,507,379,1524,903,621,1735,864,871,446,143,303
4125055000,2946,1430,1516,322,148,174,608,332,276,907,468,439,895,416,479,214,66,148
4125056500,26866,13185,13681,4264,2122,2142,6242,3266,2976,8807,4408,4399,6191,2901,3290,1362,488,874
4125056600,25829,12704,13125,4849,2453,2396,6530,3403,3127,8628,4402,4226,4686,2024,2662,1136,422,714
4125058000,8899,4642,4257,932,492,440,1671,946,725,2794,1567,1227,2836,1412,1424,666,225,441
4125060000,5279,2815,2464,542,287,255,1159,671,488,1568,908,660,1607,810,797,403,139,264
4119000000,806067,399484,406583,120985,62141,58844,224595,115758,108837,270031,133363,136668,166118,80331,85787,24338,7891,16447
4119060300,63258,32206,31052,6587,3428,3159,19063,10127,8936,20788,10938,9850,14769,7033,7736,2051,680,1371
4119060600,89175,44568,44607,12102,6248,5854,24392,12704,11688,29878,15123,14755,19885,9501,10384,2918,992,1926
4119061000,41054,20263,20791,6347,3268,3079,11085,5679,5406,13644,6630,7014,8668,4270,4398,1310,416,894
4119074200,128805,62203,66602,19982,10160,9822,39363,19395,19968,42296,19882,22414,23942,11783,12159,3222,983,2239
4119074400,85371,41937,43434,17107,8775,8332,23943,11867,12076,30086,14338,15748,12619,6470,6149,1616,487,1129
4119074600,81778,40442,41336,10681,5499,5182,22496,11904,10592,26712,13123,13589,19027,8909,10118,2862,1007,1855
4119075000,56200,27745,28455,7796,3973,3823,15426,8120,7306,17535,8473,9062,13522,6518,7004,1921,661,1260
4119079500,94722,46354,48368,18414,9358,9056,24205,12045,12160,31691,15688,16003,17628,8345,9283,2784,918,1866
4119080000,82550,41269,41281,10750,5564,5186,21772,11563,10209,28534,14310,14224,18418,8863,9555,3076,969,2107
4119083000,83154,42497,40657,11219,5868,5351,22850,12354,10496,28867,14858,14009,17640,8639,9001,2578,778,1800
4139000000,512030,267423,244607,97793,49918,47875,146801,79116,67685,182556,97230,85326,73626,37654,35972,11254,3505,7749
4139051000,44791,22662,22129,6917,3542,3375,13483,7034,6449,15133,7618,7515,8003,4103,3900,1255,365,890
4139052000,36126,18667,17459,4545,2376,2169,9783,5402,4381,13004,6685,6319,7666,3900,3766,1128,304,824
4139053100,9908,5193,4715,1114,568,546,2344,1323,1021,3433,1800,1633,2572,1350,1222,445,152,293
4139054000,56481,28224,28257,13017,6598,6419,16151,8063,8088,18895,9589,9306,7399,3683,3716,1019,291,728
4139055000,12096,6357,5739,1757,891,866,2769,1582,1187,4342,2350,1992,2685,1366,1319,543,168,375
4139057000,42209,21385,20824,9084,4605,4479,12038,6076,5962,13483,7084,6399,6658,3340,3318,946,280,666
4139058100,21779,11393,10386,3578,1858,1720,5307,2964,2343,7860,4225,3635,4305,2105,2200,729,241,488
4139058200,16477,8575,7902,2839,1444,1395,4432,2376,2056,6044,3292,2752,2725,1307,1418,437,156,281
4139058900,20280,12850,7430,2178,1118,1060,7128,4800,2328,7972,5276,2696,2686,1555,1131,316,101,215
4139059100,22300,13185,9115,3077,1549,1528,6984,4432,2552,8836,5459,3377,3006,1622,1384,397,123,274
4139059200,32095,17490,14605,5685,2898,2787,9462,5580,3882,12447,6788,5659,3850,1998,1852,651,226,425
4139059300,23025,12984,10041,3725,1923,1802,6077,3524,2553,9260,5495,3765,3457,1881,1576,506,161,345
4139059400,20947,10384,10563,4103,2109,1994,5865,2997,2868,8042,3896,4146,2448,1210,1238,489,172,317
4139059600,35587,17698,17889,10169,5117,5052,9955,4766,5189,12313,6296,6017,2880,1440,1440,270,79,191
4139059700,35307,18525,16782,8580,4312,4268,12557,6771,5786,11711,6211,5500,2244,1157,1087,215,74,141
4139062100,1918,1183,735,91,47,44,337,222,115,594,387,207,792,484,308,104,43,61
4139063000,23732,12123,11609,4378,2278,2100,6280,3319,2961,8956,4566,4390,3442,1735,1707,676,225,451
4139063100,32584,16450,16134,7777,4026,3751,8878,4406,4472,11804,6019,5785,3591,1833,1758,534,166,368
4139064000,24388,12095,12293,5179,2659,2520,6971,3479,3492,8427,4194,4233,3217,1585,1632,594,178,416
4155000000,189534,97895,91639,30840,15968,14872,45902,25330,20572,62174,33116,29058,41585,20428,21157,9033,3053,5980
4155025000,60103,30349,29754,13020,6678,6342,15209,8049,7160,21300,10957,10343,8930,4141,4789,1644,524,1120
4155031000,5327,2828,2499,439,257,182,891,533,358,1519,855,664,1944,1008,936,534,175,359
4155032000,7301,3642,3659,942,482,460,1321,717,604,2289,1210,1079,2197,1046,1151,552,187,365
4155033000,3299,1744,1555,219,120,99,509,310,199,973,564,409,1232,622,610,366,128,238
4155034000,5854,3202,2652,448,233,215,1070,681,389,1796,1039,757,2012,1066,946,528,183,345
4155035000,15403,8671,6732,2316,1232,1084,4566,2690,1876,5018,3000,2018,2960,1545,1415,543,204,339
4155036000,5245,2743,2502,395,202,193,817,467,350,1552,893,659,1920,1001,919,561,180,381
4155038000,6531,3667,2864,752,417,335,1727,1052,675,2172,1256,916,1585,840,745,295,102,193
4155039000,7479,3911,3568,664,356,308,1230,717,513,2108,1190,918,2790,1409,1381,687,239,448
4155040000,6915,3692,3223,631,328,303,1194,702,492,2164,1256,908,2348,1200,1148,578,206,372
4155041000,3591,1857,1734,272,121,151,702,403,299,993,561,432,1282,652,630,342,120,222
4155042000,1932,1007,925,126,67,59,329,196,133,546,301,245,730,371,359,201,72,129
4155051000,12311,6167,6144,1670,823,847,2856,1558,1298,3880,2012,1868,3185,1514,1671,720,260,460
4155052000,25832,13148,12684,4778,2496,2282,7591,4068,3523,8399,4307,4092,4356,2061,2295,708,216,492
4155053000,22411,11267,11144,4168,2156,2012,5890,3187,2703,7465,3715,3750,4114,1952,2162,774,257,517
4163000000,236368,119835,116533,43928,22357,21571,55818,29442,26376,79440,41232,38208,48101,23573,24528,9081,3231,5850
4163025000,26330,13323,13007,3654,1849,1805,5506,2997,2509,8950,4632,4318,6855,3399,3456,1365,446,919
4163031000,5820,3310,2510,433,230,203,1080,666,414,1843,1135,708,2077,1148,929,387,131,256
4163032000,6963,3882,3081,783,373,410,1567,996,571,2004,1186,818,2153,1167,986,456,160,296
4163033000,11869,6427,5442,1421,751,670,2373,1374,999,4069,2293,1776,3353,1774,1579,653,235,418
4163034000,10883,5583,5300,1001,540,461,2234,1298,936,3070,1610,1460,3692,1818,1874,886,317,569
4163051000,5231,2754,2477,469,250,219,965,549,416,1584,860,724,1799,945,854,414,150,264
4163052000,50053,24510,25543,11348,5740,5608,10471,5240,5231,17755,8936,8819,8872,3997,4875,1607,597,1010
4163053000,9755,5152,4603,1367,718,649,2727,1541,1186,3087,1653,1434,2180,1093,1087,394,147,247
4163054000,27285,13805,13480,4457,2301,2156,6294,3345,2949,9651,4942,4709,5938,2884,3054,945,333,612
4163055000,27352,13562,13790,5469,2803,2666,6899,3568,3331,9597,4806,4791,4308,1972,2336,1079,413,666
4163056000,54827,27527,27300,13526,6802,6724,15702,7868,7834,17830,9179,8651,6874,3376,3498,895,302,593
4183000000,121230,60846,60384,16794,8718,8076,21290,11338,9952,37247,19016,18231,38097,18924,19173,7802,2850,4952
4183025000,30966,15525,15441,5341,2738,2603,6695,3584,3111,10147,5063,5084,7375,3662,3713,1408,478,930
4183031000,10510,5226,5284,1832,942,890,1970,987,983,3326,1678,1648,2875,1427,1448,507,192,315
4183032000,4865,2450,2415,432,239,193,702,385,317,1388,692,696,2034,1016,1018,309,118,191
4183033000,13935,6923,7012,1774,916,858,2417,1267,1150,4306,2156,2150,4579,2230,2349,859,354,505
4183034000,8301,4222,4079,1063,545,518,1550,865,685,2533,1325,1208,2669,1316,1353,486,171,315
4183035000,9982,4954,5028,1508,764,744,1459,741,718,3247,1634,1613,3262,1625,1637,506,190,316
4183036000,3895,1989,1906,332,169,163,515,295,220,1094,583,511,1598,818,780,356,124,232
4183037000,3802,1953,1849,245,146,99,414,230,184,1014,557,457,1671,836,835,458,184,274
4183038000,4675,2348,2327,338,183,155,566,323,243,1295,688,607,1949,967,982,527,187,340
4183039500,7038,3570,3468,625,363,262,907,483,424,1949,1042,907,2825,1439,1386,732,243,489
4183040000,18021,9037,8984,2765,1433,1332,3339,1778,1561,5429,2779,2650,5259,2593,2666,1229,454,775
4183041000,5240,2649,2591,539,280,259,756,400,356,1519,819,700,2001,995,1006,425,155,270
4167000000,112150,57022,55128,16250,8377,7873,23085,12414,10671,35800,18690,17110,30375,15177,15198,6640,2364,4276
4167025000,15272,7933,7339,2107,1064,1043,3332,1861,1471,4923,2661,2262,4054,2028,2026,856,319,537
4167031000,4773,2469,2304,432,244,188,738,421,317,1285,697,588,1848,948,900,470,159,311
4167032000,5080,2672,2408,419,236,183,736,419,317,1406,784,622,2030,1047,983,489,186,303
4167033000,2954,1527,1427,214,103,111,394,232,162,801,430,371,1253,655,598,292,107,185
4167034000,0,0,0,0,0,0,0,0,0,0,0,0,0,0,0,0,0,0
4167034500,6274,3234,3040,676,339,337,999,543,456,1732,994,738,2255,1160,1095,612,198,414
4167035000,6964,3628,3336,598,323,275,1032,609,423,1877,1027,850,2711,1383,1328,746,286,460
4167036000,4907,2560,2347,478,278,200,707,393,314,1543,862,681,1690,852,838,489,175,314
4167037000,4289,2215,2074,388,199,189,644,359,285,1340,744,596,1555,776,779,362,137,225
4167038000,2536,1265,1271,254,119,135,360,197,163,678,351,327,1008,505,503,236,93,143
4167051000,21775,10882,10893,3376,1738,1638,5071,2635,2436,7374,3724,3650,5033,2474,2559,921,311,610
4167052000,18626,9342,9284,3443,1764,1679,4366,2316,2050,6446,3262,3184,3728,1777,1951,643,223,420
4167053000,18700,9295,9405,3865,1970,1895,4706,2429,2277,6395,3154,3241,3210,1572,1638,524,170,354
4180000000,42721,22399,20322,5589,2907,2682,9213,5612,3601,11673,6336,5337,12832,6345,6487,3414,1199,2215
4180025000,7670,4154,3516,1072,556,516,2201,1428,773,1783,1010,773,1996,948,1048,618,212,406
4180025300,19124,9747,9377,3380,1733,1647,4441,2475,1966,5765,2985,2780,4472,2202,2270,1066,352,714
4180031000,3116,1657,1459,238,127,111,500,332,168,808,460,348,1208,614,594,362,124,238
4180032000,3895,2086,1809,291,151,140,723,503,220,1059,603,456,1456,702,754,366,127,239
4180033000,2567,1370,1197,205,117,88,368,228,140,724,401,323,1000,506,494,270,118,152
4180034000,1741,932,809,108,61,47,246,146,100,455,256,199,738,390,348,194,79,115
4180035000,1003,543,460,66,45,21,133,81,52,226,136,90,453,227,226,125,54,71
4180036000,2696,1427,1269,159,77,82,455,320,135,616,356,260,1156,577,579,310,97,213
4180037000,191,116,75,14,8,6,55,45,10,41,21,20,64,37,27,17,5,12
4180038000,718,367,351,56,32,24,91,54,37,196,108,88,289,142,147,86,31,55
4137000000,229983,119409,110574,46586,23834,22752,68499,37246,31253,77963,41239,36724,31973,15330,16643,4962,1760,3202
4137051000,35537,17837,17700,7791,3928,3863,9589,4960,4629,12208,6216,5992,5105,2423,2682,844,310,534
4137053000,20644,12330,8314,1943,967,976,8773,5461,3312,6859,4319,2540,2670,1426,1244,399,157,242
4137054000,61008,30825,30183,13756,7026,6730,16288,8473,7815,20521,10658,9863,9027,4200,4827,1416,468,948
4137055000,31971,16384,15587,7148,3616,3532,9719,5117,4602,10561,5474,5087,4020,2009,2011,523,168,355
4137056000,16188,8361,7827,3156,1638,1518,4569,2528,2041,5609,2900,2709,2434,1158,1276,420,137,283
4137057000,64635,33672,30963,12792,6659,6133,19561,10707,8854,22205,11672,10533,8717,4114,4603,1360,520,840
4143000000,163356,81148,82208,26701,13747,12954,45582,23674,21908,53308,26034,27274,32489,15918,16571,5276,1775,3501
4143051000,14183,7183,7000,1776,943,833,4949,2632,2317,3646,1813,1833,3274,1616,1658,538,179,359
4143052000,29446,14973,14473,4429,2300,2129,8281,4510,3771,9428,4807,4621,6089,2928,3161,1219,428,791
4143053000,39309,19527,19782,6733,3416,3317,10123,5267,4856,13169,6402,6767,8172,4042,4130,1112,400,712
4143054000,20756,10171,10585,3350,1748,1602,5579,2819,2760,7080,3378,3702,4039,1989,2050,708,237,471
4143055000,22378,10989,11389,4233,2181,2052,6272,3133,3139,7438,3625,3813,3785,1843,1942,650,207,443
4143056000,37284,18305,18979,6180,3159,3021,10378,5313,5065,12547,6009,6538,7130,3500,3630,1049,324,725
4115000000,463661,228538,235123,74612,38554,36058,124355,63314,61041,154766,77012,77754,92858,43576,49282,17070,6082,10988
4115051000,32558,16694,15864,2721,1412,1309,11855,5968,5887,9882,5488,4394,6891,3412,3479,1209,414,795
4115052000,31445,15612,15833,3769,2005,1764,10071,5095,4976,10163,5171,4992,6370,2939,3431,1072,402,670
4115054500,36130,17572,18558,4938,2522,2416,9022,4490,4532,11647,5815,5832,8954,4091,4863,1569,654,915
4115055500,34803,16846,17957,5614,2863,2751,8274,4198,4076,11479,5611,5868,7788,3495,4293,1648,679,969
4115056100,20259,9701,10558,3366,1720,1646,4517,2271,2246,6749,3268,3481,4677,2135,2542,950,307,643
4115056700,42560,20917,21643,6281,3233,3048,10764,5591,5173,14829,7204,7625,9130,4363,4767,1556,526,1030
4115056800,47622,23095,24527,8200,4307,3893,12168,6149,6019,16220,7727,8493,9358,4342,5016,1676,570,1106
4115057300,43420,21613,21807,7378,3798,3580,12405,6415,5990,14401,7145,7256,7761,3785,3976,1475,470,1005
4115057600,33524,16578,16946,6791,3488,3303,8238,4240,3998,12235,6074,6161,5138,2373,2765,1122,403,719
4115057800,47014,22826,24188,11714,5966,5748,12784,6124,6660,15692,7741,7951,5947,2726,3221,877,269,608
4115058000,27215,13356,13859,4273,2187,2086,7089,3658,3431,9152,4472,4680,5594,2649,2945,1107,390,717
4115059500,25939,12993,12946,3421,1776,1645,6783,3618,3165,8634,4321,4313,6042,2903,3139,1059,375,684
4115061500,19569,9954,9615,2721,1430,1291,5061,2728,2333,6370,3309,3061,4557,2186,2371,860,301,559
4115062000,21603,10781,10822,3425,1847,1578,5324,2769,2555,7313,3666,3647,4651,2177,2474,890,322,568
4150000000,223177,115727,107450,40031,20716,19315,62261,34516,27745,70746,36753,33993,41976,20881,21095,8163,2861,5302
4150025000,14559,7412,7147,2206,1149,1057,2971,1671,1300,4382,2277,2105,4043,1977,2066,957,338,619
4150025300,36103,19065,17038,7355,3794,3561,10219,5822,4397,12205,6402,5803,5391,2719,2672,933,328,605
4150031000,13923,7273,6650,2008,1054,954,3415,1830,1585,4609,2464,2145,3305,1708,1597,586,217,369
4150032000,11408,5808,5600,1605,844,761,2610,1381,1229,3745,1931,1814,2822,1410,1412,626,242,384
4150033000,5944,3184,2760,708,372,336,1356,787,569,1797,1048,749,1707,850,857,376,127,249
4150034000,15331,8404,6927,2765,1438,1327,5138,3046,2092,4277,2390,1887,2620,1344,1276,531,186,345
4150035000,14602,7447,7155,2256,1147,1109,5211,2679,2532,4072,2202,1870,2540,1253,1287,523,166,357
4150036000,4379,2340,2039,363,213,150,714,437,277,1288,722,566,1590,813,777,424,155,269
4150037000,4713,2497,2216,359,178,181,750,466,284,1336,775,561,1765,905,860,503,173,330
4150038000,2657,1372,1285,175,97,78,322,192,130,649,364,285,1122,576,546,389,143,246
4150051000,16939,8468,8471,2322,1179,1143,4975,2777,2198,5322,2593,2729,3735,1722,2013,585,197,388
4150051500,57336,28586,28750,14844,7687,7157,16094,8068,8026,19577,9637,9940,5963,2930,3033,858,264,594
4150052000,15066,8638,6428,1783,933,850,5697,3842,1855,4108,2190,1918,2966,1475,1491,512,198,314
4150053000,10217,5233,4984,1282,631,651,2789,1518,1271,3379,1758,1621,2407,1199,1208,360,127,233
4148000000,483245,245085,238160,93698,47875,45823,127905,67979,59926,160120,82828,77292,83795,40207,43588,17727,6196,11531
4148025000,48437,24852,23585,9455,4817,4638,13073,7272,5801,14664,7780,6884,9083,4244,4839,2162,739,1423
4148025300,13718,7290,6428,1459,745,714,2968,1748,1220,4379,2491,1888,3894,1967,1927,1018,339,679
4148025600,10443,5585,4858,953,507,446,2180,1322,858,3125,1743,1382,3384,1732,1652,801,281,520
4148026200,29746,15126,14620,4293,2169,2124,6465,3516,2949,10226,5322,4904,7254,3561,3693,1508,558,950
4148031000,9438,6324,3114,411,214,197,4383,3351,1032,2403,1640,763,1832,987,845,409,132,277
4148032000,13450,7288,6162,1581,822,759,3001,1781,1220,4700,2656,2044,3327,1734,1593,841,295,546
4148035000,11230,6143,5087,1027,543,484,2196,1363,833,3551,2037,1514,3584,1916,1668,872,284,588
4148036000,3872,2060,1812,265,148,117,676,434,242,1072,624,448,1417,708,709,442,146,296
4148037000,7425,4044,3381,1040,561,479,1853,1148,705,1899,1056,843,2144,1098,1046,489,181,308
4148039000,733,380,353,73,32,41,115,59,56,223,128,95,250,127,123,72,34,38
4148051000,22193,11873,10320,2447,1282,1165,6340,3697,2643,7323,4076,3247,5073,2474,2599,1010,344,666
4148052000,32786,15988,16798,7180,3687,3493,8388,4211,4177,11215,5527,5688,4949,2210,2739,1054,353,701
4148053000,27632,14155,13477,4812,2490,2322,7373,4007,3366,9262,4779,4483,5147,2498,2649,1038,381,657
4148054000,51269,25882,25387,11343,5849,5494,13804,7137,6667,17525,8960,8565,7195,3478,3717,1402,458,944
4148055000,51756,25361,26395,11306,5673,5633,14064,6939,7125,17821,8829,8992,7275,3450,3825,1290,470,820
4148056000,62676,30556,32120,16332,8277,8055,17210,8354,8856,20683,10354,10329,7115,3089,4026,1336,482,854
4148057000,86441,42178,44263,19721,10059,9662,23816,11640,12176,30049,14826,15223,10872,4934,5938,1983,719,1264
4122000000,564288,293954,270334,104269,53324,50945,164115,90771,73344,188931,100576,88355,89914,43469,46445,17059,5814,11245
4122025000,28744,15049,13695,3476,1812,1664,6545,3746,2799,9342,5215,4127,7570,3639,3931,1811,637,1174
4122025300,43711,22599,21112,9343,4687,4656,11390,6263,5127,15642,8279,7363,6122,2958,3164,1214,412,802
4122025600,24568,14874,9694,3620,1851,1769,7286,4869,2417,8705,5633,3072,4172,2255,1917,785,266,519
4122025900,27127,14383,12744,7156,3708,3448,6963,3723,3240,8822,4972,3850,3482,1756,1726,704,224,480
4122031000,11418,6312,5106,1257,631,626,2818,1792,1026,3811,2184,1627,2966,1514,1452,566,191,375
4122032000,3681,2029,1652,332,177,155,693,423,270,1128,693,435,1235,640,595,293,96,197
4122033000,13311,7093,6218,1918,975,943,4046,2362,1684,4260,2310,1950,2556,1267,1289,531,179,352
4122034000,6616,3560,3056,765,403,362,1267,765,502,2112,1237,875,1946,980,966,526,175,351
4122037000,5105,2696,2409,407,215,192,754,453,301,1491,889,602,1925,969,956,528,170,358
4122051000,44195,22901,21294,7323,3732,3591,12787,7330,5457,15627,8043,7584,7180,3389,3791,1278,407,871
4122052000,25371,12949,12422,3413,1745,1668,6736,3777,2959,8965,4705,4260,5233,2358,2875,1024,364,660
4122053500,21963,11473,10490,4531,2304,2227,6907,3718,3189,7330,3893,3437,2758,1403,1355,437,155,282
4122055000,12924,7153,5771,1519,735,784,4890,2959,1931,4194,2395,1799,1964,933,1031,357,131,226
4122056000,22099,11092,11007,3617,1818,1799,5510,2932,2578,7825,4024,3801,4333,2042,2291,814,276,538
4122057000,7079,3692,3387,1046,533,513,2282,1281,1001,2251,1228,1023,1225,560,665,275,90,185
4122058000,5723,2965,2758,447,257,190,1383,806,577,1763,1020,743,1695,743,952,435,139,296
4122059000,22810,11893,10917,2586,1373,1213,7115,4028,3087,7568,3964,3604,4663,2214,2449,878,314,564
4122060000,12764,6688,6076,1507,754,753,4165,2416,1749,3972,2107,1865,2616,1236,1380,504,175,329
4122061000,4088,2159,1929,320,165,155,1022,618,404,1298,714,584,1232,581,651,216,81,135
4122062000,51458,25870,25588,11791,6109,5682,14470,7383,7087,17966,9039,8927,6213,2990,3223,1018,349,669
4122063000,55603,27578,28025,12094,6255,5839,15670,8014,7656,18774,9123,9651,7735,3691,4044,1330,495,835
4122063500,26025,13708,12317,6535,3425,3110,8302,4445,3857,8711,4653,4058,2191,1088,1103,286,97,189
4122064000,29302,14786,14516,5354,2716,2638,8750,4685,4065,9959,4998,4961,4481,2135,2346,758,252,506
4122065000,37373,19255,18118,9106,4590,4516,13504,7096,6408,11473,6066,5407,2951,1405,1546,339,98,241
4122066000,21230,11197,10033,4806,2354,2452,8860,4887,3973,5942,3192,2750,1470,723,747,152,41,111
4165000000,148939,78915,70024,19831,10299,9532,32828,18750,14078,49035,26720,22315,39266,20379,18887,7979,2767,5212
4165025000,45510,23202,22308,7678,3983,3695,10550,5555,4995,16397,8438,7959,9270,4695,4575,1615,531,1084
4165031000,8664,4647,4017,1124,570,554,2022,1147,875,2696,1496,1200,2340,1276,1064,482,158,324
4165032000,4565,2647,1918,274,150,124,754,478,276,1606,980,626,1606,905,701,325,134,191
4165033000,7586,4455,3131,566,288,278,1358,826,532,2625,1669,956,2500,1470,1030,537,202,335
4165034000,12469,6878,5591,1512,825,687,2657,1593,1064,4036,2301,1735,3594,1921,1673,670,238,432
4165035000,2115,1184,931,98,61,37,294,201,93,548,329,219,940,497,443,235,96,139
4165036000,4773,2588,2185,386,202,184,687,408,279,1429,859,570,1846,968,878,425,151,274
4165037000,9464,4949,4515,1113,589,524,1847,1131,716,2730,1501,1229,3036,1491,1545,738,237,501
4165038000,6260,3439,2821,848,419,429,1768,1170,598,1475,813,662,1777,898,879,392,139,253
4165039000,8222,4434,3788,1041,536,505,1910,1242,668,2075,1189,886,2511,1216,1295,685,251,434
4165040000,2738,1435,1303,178,80,98,366,242,124,735,407,328,1170,597,573,289,109,180
4165041000,2736,1448,1288,328,160,168,638,359,279,705,398,307,861,463,398,204,68,136
4165051000,18952,9593,9359,2905,1513,1392,4518,2446,2072,6382,3227,3155,4351,2141,2210,796,266,530
4165052000,14885,8016,6869,1780,923,857,3459,1952,1507,5596,3113,2483,3464,1841,1623,586,187,399
4145000000,320087,160163,159924,61268,31182,30086,91765,46133,45632,103056,52757,50299,56403,27495,28908,7595,2596,4999
4145051000,7436,4112,3324,697,352,345,1869,1106,763,2359,1394,965,2183,1151,1032,328,109,219
4145052000,6654,3445,3209,655,342,313,2047,1164,883,2095,1097,998,1628,770,858,229,72,157
4145053000,46832,23127,23705,7850,4032,3818,12070,6204,5866,14636,7187,7449,10798,5143,5655,1478,561,917
4145054000,15557,7912,7645,1914,1017,897,4216,2312,1904,4848,2428,2420,4039,1939,2100,540,216,324
4145055000,18941,9552,9389,2096,1073,1023,5284,2900,2384,5766,2927,2839,5097,2441,2656,698,211,487
4145056000,25378,12621,12757,4367,2264,2103,6430,3361,3069,8464,4209,4255,5344,2508,2836,773,279,494
4145057000,29828,14719,15109,7313,3635,3678,8216,3923,4293,10060,5132,4928,3739,1868,1871,500,161,339
4145058000,2745,1518,1227,211,116,95,713,423,290,918,520,398,768,410,358,135,49,86
4145058200,31219,15625,15594,7977,4084,3893,9196,4458,4738,9635,4988,4647,3882,1931,1951,529,164,365
4145058500,27379,13410,13969,6693,3348,3345,7707,3606,4101,9279,4602,4677,3385,1753,1632,315,101,214
4145059000,3846,2180,1666,308,164,144,870,503,367,1248,787,461,1175,630,545,245,96,149
4145060000,3485,1985,1500,312,157,155,892,536,356,1106,665,441,1006,563,443,169,64,105
4145061000,53423,26631,26792,9345,4723,4622,21290,10441,10849,16072,8359,7713,5985,2876,3109,731,232,499
4145062000,47364,23326,24038,11530,5875,5655,10965,5196,5769,16570,8462,8108,7374,3512,3862,925,281,644
4159000000,887015,460788,426227,202408,103248,99160,260316,138531,121785,294577,157141,137436,111752,55722,56030,17962,6146,11816
4159025300,84747,43006,41741,18214,9096,9118,22516,11706,10810,29324,15313,14011,12805,6267,6538,1888,624,1264
4159025600,17530,9594,7936,2256,1190,1066,3384,2054,1330,6234,3646,2588,4648,2358,2290,1008,346,662
4159025900,88036,47273,40763,20569,10597,9972,25902,14491,11411,29653,16601,13052,10202,5024,5178,1710,560,1150
4159026200,43217,23594,19623,7703,3961,3742,13179,7746,5433,13808,7703,6105,7370,3783,3587,1157,401,756
4159031000,6956,3682,3274,678,364,314,1393,802,591,2323,1301,1022,2115,1058,1057,447,157,290
4159032000,6493,3684,2809,560,314,246,1329,803,526,2008,1214,794,2097,1173,924,499,180,319
4159033000,7016,4197,2819,604,332,272,1534,1038,496,2429,1567,862,2005,1101,904,444,159,285
4159034000,11061,6006,5055,1189,626,563,1934,1162,772,3545,2038,1507,3486,1845,1641,907,335,572
4159035000,7262,4017,3245,468,245,223,1091,680,411,2370,1416,954,2688,1438,1250,645,238,407
4159036000,10083,6088,3995,769,397,372,2028,1378,650,3732,2451,1281,2943,1656,1287,611,206,405
4159037000,10325,5984,4341,926,510,416,1934,1225,709,3434,2199,1235,3281,1772,1509,750,278,472
4159040000,4027,2490,1537,241,131,110,814,572,242,1354,920,434,1317,767,550,301,100,201
4159041000,11425,6629,4796,1074,572,502,2503,1606,897,3965,2486,1479,3180,1730,1450,703,235,468
4159051500,24737,12395,12342,6956,3401,3555,7675,3853,3822,8069,4110,3959,1854,977,877,183,54,129
4159052000,43696,23713,19983,7858,4013,3845,15751,9179,6572,13959,7657,6302,5358,2591,2767,770,273,497
4159053000,36133,18611,17522,7436,3858,3578,12486,6771,5715,11292,5742,5550,4311,2005,2306,608,235,373
4159054000,23914,11657,12257,6035,3035,3000,5841,2957,2884,8635,4247,4388,2892,1256,1636,511,162,349
4159055000,31874,16089,15785,8053,4105,3948,9383,4793,4590,10588,5307,5281,3472,1772,1700,378,112,266
4159056000,13561,6916,6645,2934,1497,1437,3183,1704,1479,4932,2544,2388,2195,1055,1140,317,116,201
4159057000,22929,12137,10792,3751,1964,1787,5929,3383,2546,8053,4315,3738,4515,2251,2264,681,224,457
4159058500,50932,26254,24678,12627,6408,6219,17420,9204,8216,16866,8682,8184,3561,1789,1772,458,171,287
4159058600,35207,17315,17892,10444,5271,5173,7572,3639,3933,13510,6747,6763,3225,1487,1738,456,171,285
4159058700,41806,21594,20212,10669,5525,5144,14313,7741,6572,12935,6658,6277,3386,1471,1915,503,199,304
4159058800,52628,26166,26462,17549,8865,8684,12429,5694,6735,19417,10070,9347,2907,1443,1464,326,94,232
4159059000,45102,22653,22449,10626,5450,5176,16293,8150,8143,13496,6980,6516,4149,1902,2247,538,171,367
4159060000,38257,19747,18510,9321,4757,4564,13965,7220,6745,11951,6351,5600,2708,1329,1379,312,90,222
4159061000,86063,43164,42899,24092,12292,11800,27140,13341,13799,27543,14104,13439,6689,3252,3437,599,175,424
4159062000,31998,16133,15865,8806,4472,4334,11395,5639,5756,9152,4772,4380,2393,1170,1223,252,80,172
4831000000,241216,126291,114925,52097,27064,25033,55598,29994,25604,87295,47277,40018,40159,20189,19970,6067,1767,4300
4831031000,8132,4159,3973,1175,604,571,1487,805,682,2876,1526,1350,2184,1107,1077,410,117,293
4831032000,3076,1592,1484,198,115,83,412,241,171,927,530,397,1249,610,639,290,96,194
4831033000,1562,794,768,84,46,38,155,92,63,464,276,188,675,328,347,184,52,132
4831034000,7272,3597,3675,967,484,483,1099,591,508,2290,1214,1076,2305,1134,1171,611,174,437
4831035000,2845,1472,1373,187,106,81,339,212,127,818,462,356,1184,597,587,317,95,222
4831036000,11828,6144,5684,2409,1233,1176,2449,1299,1150,4101,2257,1844,2420,1231,1189,449,124,325
4831036600,1086,553,533,73,43,30,125,77,48,329,181,148,474,234,240,85,18,67
4831037000,8046,4454,3592,1071,583,488,1505,891,614,2983,1756,1227,2090,1105,985,397,119,278
4831038000,3490,1806,1684,413,224,189,544,289,255,1076,612,464,1158,587,571,299,94,205
4831038500,1056,535,521,53,30,23,98,54,44,293,185,108,479,233,246,133,33,100
4831039000,3098,1582,1516,170,97,73,351,210,141,915,546,369,1280,625,655,382,104,278
4831039500,1374,684,690,114,58,56,160,88,72,430,251,179,524,244,280,146,43,103
4831051000,5865,3222,2643,954,508,446,1194,702,492,2283,1330,953,1239,632,607,195,50,145
4831053000,9172,4960,4212,1377,751,626,1740,993,747,3453,1933,1520,2348,1200,1148,254,83,171
4831054000,26932,14402,12530,7780,4011,3769,7517,3996,3521,9416,5320,4096,2035,1032,1003,184,43,141
4831055000,7259,3921,3338,1233,664,569,1781,1020,761,2685,1494,1191,1441,713,728,119,30,89
4831056000,25842,13442,12400,5202,2727,2475,5990,3204,2786,9764,5104,4660,4494,2294,2200,392,113,279
4831057000,20753,11762,8991,3736,1984,1752,5897,3598,2299,8391,4832,3559,2528,1294,1234,201,54,147
4831058000,34323,17650,16673,7245,3756,3489,8327,4477,3850,12792,6565,6227,5442,2685,2757,517,167,350
4831059000,34418,17445,16973,10470,5291,5179,8916,4435,4481,12165,6357,5808,2603,1278,1325,264,84,180
4831060000,23787,12115,11672,7186,3749,3437,5512,2720,2792,8844,4546,4298,2007,1026,981,238,74,164
4888000000,61073,29955,31118,9314,4952,4362,10422,5832,4590,17738,9176,8562,17768,8216,9552,5831,1779,4052
4888025000,40541,19985,20556,8028,4267,3761,8522,4667,3855,12846,6347,6499,9044,4052,4992,2101,652,1449
4888031000,1540,772,768,81,50,31,142,91,51,342,205,137,671,333,338,304,93,211
4888032000,1862,915,947,130,76,54,182,104,78,472,288,184,732,332,400,346,115,231
4888033000,1389,700,689,66,37,29,125,78,47,370,215,155,603,300,303,225,70,155
4888034000,1523,753,770,74,40,34,138,79,59,370,221,149,652,320,332,289,93,196
4888035000,1973,926,1047,202,103,99,181,98,83,471,267,204,801,363,438,318,95,223
4888036000,1980,949,1031,119,58,61,204,119,85,460,270,190,834,393,441,363,109,254
4888037000,2331,1146,1185,128,65,63,248,171,77,558,312,246,967,480,487,430,118,312
4888038000,1396,654,742,75,37,38,112,69,43,309,175,134,618,300,318,282,73,209
4888039000,1492,723,769,71,42,29,95,64,31,308,189,119,720,336,384,298,92,206
4888040000,3686,1772,1914,261,135,126,392,230,162,916,507,409,1516,721,795,601,179,422
4888041000,1360,660,700,79,42,37,81,62,19,316,180,136,610,286,324,274,90,184
4882000000,50478,25297,25181,6335,3354,2981,7096,4066,3030,14977,8241,6736,16953,8148,8805,5117,1488,3629
4882025000,23986,12022,11964,4265,2282,1983,4300,2375,1925,7913,4141,3772,6180,2837,3343,1328,387,941
4882031000,1769,911,858,119,66,53,165,114,51,456,268,188,789,397,392,240,66,174
4882032000,1821,887,934,120,65,55,167,97,70,414,248,166,840,394,446,280,83,197
4882033000,2671,1367,1304,270,138,132,375,228,147,762,415,347,976,491,485,288,95,193
4882034000,1590,791,799,84,48,36,141,87,54,390,218,172,710,353,357,265,85,180
4882035000,1638,834,804,88,46,42,128,81,47,402,239,163,723,377,346,297,91,206
4882036000,861,389,472,40,21,19,75,40,35,161,91,70,405,189,216,180,48,132
4882037000,1411,691,720,94,42,52,151,96,55,358,209,149,563,279,284,245,65,180
4882038000,1094,540,554,88,46,42,95,60,35,231,138,93,462,229,233,218,67,151
4882039000,1022,516,506,57,27,30,86,54,32,235,144,91,457,234,223,187,57,130
4882040000,3534,1719,1815,448,224,224,446,237,209,991,517,474,1314,645,669,335,96,239
4882041000,1723,857,866,64,29,35,129,81,48,501,292,209,744,374,370,285,81,204
4882042000,3052,1573,1479,193,106,87,308,191,117,820,525,295,1285,633,652,446,118,328
4882043000,4306,2200,2106,405,214,191,530,325,205,1343,796,547,1505,716,789,523,149,374
4825000000,537673,271899,265774,105955,54526,51429,132806,70638,62168,194796,98321,96475,90357,44300,46057,13759,4114,9645
4825025000,55638,28651,26987,12346,6393,5953,13336,7105,6231,19462,10301,9161,9074,4417,4657,1420,435,985
4825032000,18709,9585,9124,4190,2134,2056,6023,3066,2957,5983,3080,2903,2194,1218,976,319,87,232
4825033000,6383,3498,2885,494,273,221,1046,643,403,2138,1283,855,2218,1134,1084,487,165,322
4825034000,7291,3980,3311,441,249,192,1085,689,396,2179,1320,859,2898,1534,1364,688,188,500
4825035000,3825,2038,1787,198,117,81,538,324,214,1141,659,482,1607,828,779,341,110,231
4825036000,3138,1732,1406,212,118,94,481,295,186,1025,605,420,1216,652,564,204,62,142
4825037000,5614,2913,2701,337,182,155,684,414,270,1484,825,659,2582,1327,1255,527,165,362
4825051000,9650,4933,4717,1151,583,568,2491,1390,1101,3232,1664,1568,2423,1191,1232,353,105,248
4825052000,8977,4480,4497,1104,581,523,2142,1133,1009,2820,1436,1384,2503,1188,1315,408,142,266
4825053000,9829,5015,4814,1147,592,555,2549,1392,1157,3399,1759,1640,2415,1160,1255,319,112,207
4825054000,73113,36435,36678,11658,6055,5603,20317,10946,9371,27384,13082,14302,11955,5880,6075,1799,472,1327
4825055000,79915,40005,39910,17136,8890,8246,19637,10365,9272,30151,14767,15384,11384,5511,5873,1607,472,1135
4825056500,9519,5060,4459,1221,651,570,2144,1224,920,3260,1779,1481,2514,1285,1229,380,121,259
4825058000,39955,20327,19628,6078,3167,2911,10016,5470,4546,14753,7399,7354,8060,3991,4069,1048,300,748
4825059000,32548,16638,15910,4216,2199,2017,8415,4709,3706,11968,5956,6012,6911,3470,3441,1038,304,734
4825060000,7521,3838,3683,1192,611,581,1715,942,773,2710,1365,1345,1678,842,836,226,78,148
4825061000,56720,28237,28483,12859,6485,6374,13601,7070,6531,21608,10836,10772,7476,3469,4007,1176,377,799
4825062000,36269,18284,17985,8422,4302,4120,8616,4601,4015,14016,7065,6951,4569,2122,2447,646,194,452
4825063000,73059,36250,36809,21553,10944,10609,17970,8860,9110,26083,13140,12943,6680,3081,3599,773,225,548
4884000000,42266,20450,21816,4343,2333,2010,5335,3078,2257,11462,6163,5299,15206,7186,8020,5920,1690,4230
4884025000,13087,6404,6683,2172,1120,1052,2589,1450,1139,4082,2023,2059,3294,1530,1764,950,281,669
4884031000,3643,1754,1889,312,191,121,306,178,128,929,521,408,1470,678,792,626,186,440
4884032000,1627,800,827,150,81,69,173,99,74,429,245,184,601,290,311,274,85,189
4884033000,3873,1885,1988,306,182,124,366,213,153,1004,563,441,1575,752,823,622,175,447
4884034000,2261,1165,1096,232,118,114,285,178,107,666,363,303,869,441,428,209,65,144
4884035000,3440,1660,1780,220,121,99,304,189,115,882,507,375,1417,676,741,617,167,450
4884036000,2572,1234,1338,144,85,59,207,137,70,607,367,240,1052,483,569,562,162,400
4884037000,3496,1632,1864,281,161,120,348,183,165,869,477,392,1339,624,715,659,187,472
4884038000,2792,1318,1474,151,71,80,249,155,94,617,330,287,1211,597,614,564,165,399
4884039000,5475,2598,2877,375,203,172,508,296,212,1377,767,610,2378,1115,1263,837,217,620
4827000000,103525,50849,52676,12705,6582,6123,17017,9471,7546,30857,15931,14926,34797,16504,18293,8149,2361,5788
4827025000,5238,2615,2623,351,189,162,602,356,246,1415,781,634,2324,1129,1195,546,160,386
4827025100,1261,630,631,62,31,31,185,106,79,305,185,120,552,263,289,157,45,112
4827025300,7042,3528,3514,640,346,294,912,545,367,2023,1134,889,2755,1301,1454,712,202,510
4827031000,5076,2633,2443,329,184,145,646,419,227,1383,794,589,2130,1061,1069,588,175,413
4827032000,3039,1459,1580,128,65,63,281,170,111,708,380,328,1528,742,786,394,102,292
4827033000,2799,1429,1370,162,95,67,303,184,119,781,441,340,1246,621,625,307,88,219
4827034000,3807,1940,1867,249,130,119,341,210,131,1028,588,440,1773,898,875,416,114,302
4827035000,4272,2121,2151,218,123,95,425,251,174,1139,597,542,2043,1023,1020,447,127,320
4827036000,8262,4123,4139,906,456,450,1224,718,506,2407,1292,1115,2962,1439,1523,763,218,545
4827037000,3365,1661,1704,188,99,89,318,188,130,849,481,368,1587,761,826,423,132,291
4827038000,4897,2390,2507,324,175,149,518,302,216,1181,643,538,2180,1067,1113,694,203,491
4827039000,1768,850,918,81,38,43,143,88,55,387,197,190,870,442,428,287,85,202
4827051000,2612,1263,1349,202,107,95,394,228,166,781,402,379,998,454,544,237,72,165
4827052000,16341,8097,8244,2717,1372,1345,4042,2200,1842,5326,2691,2635,3672,1667,2005,584,167,417
4827053000,20120,9658,10462,4362,2292,2070,4103,2128,1975,6755,3181,3574,4124,1823,2301,776,234,542
4827054000,7809,3634,4175,947,476,471,1391,732,659,2418,1179,1239,2460,1074,1386,593,173,420
4827055000,5817,2818,2999,839,404,435,1189,646,543,1971,965,1006,1593,739,854,225,64,161
4824000000,109953,55433,54520,17761,9173,8588,21435,12221,9214,35722,18942,16780,28041,13034,15007,6994,2063,4931
4824025000,17716,9259,8457,3074,1563,1511,4397,2576,1821,6183,3323,2860,3289,1570,1719,773,227,546
4824031000,13724,6889,6835,2986,1537,1449,3478,1890,1588,4581,2314,2267,2139,1002,1137,540,146,394
4824032000,15306,7973,7333,3865,1989,1876,3575,2055,1520,5101,2746,2355,2222,1027,1195,543,156,387
4824033000,7376,3682,3694,1210,606,604,1217,657,560,2367,1293,1074,2054,960,1094,528,166,362
4824034000,1552,802,750,75,41,34,184,110,74,402,247,155,654,336,318,237,68,169
4824035000,3348,1717,1631,220,125,95,403,250,153,885,514,371,1383,685,698,457,143,314
4824036000,2768,1388,1380,141,85,56,258,164,94,749,457,292,1183,559,624,437,123,314
4824037000,3451,1686,1765,195,94,101,358,221,137,936,550,386,1428,677,751,534,144,390
4824051000,5864,2871,2993,430,225,205,733,451,282,1621,921,700,2521,1104,1417,559,170,389
4824052000,4875,2406,2469,483,250,233,799,490,309,1526,797,729,1682,755,927,385,114,271
4824053000,6283,3056,3227,900,471,429,1086,592,494,2047,1049,998,1895,832,1063,355,112,243
4824055000,15619,7582,8037,2617,1352,1265,2936,1595,1341,5412,2627,2785,3905,1786,2119,749,222,527
4824057000,6713,3485,3228,902,485,417,1210,715,495,2340,1270,1070,1852,879,973,409,136,273
4824059500,5107,2510,2597,654,344,310,780,443,337,1508,789,719,1706,805,901,459,129,330
4824089000,251,127,124,9,6,3,21,12,9,64,45,19,128,57,71,29,7,22
4886000000,34360,16931,17429,3181,1684,1497,4196,2344,1852,9595,5268,4327,12959,6380,6579,4429,1255,3174
4886025000,6736,3276,3460,890,454,436,1179,641,538,1924,993,931,2074,1007,1067,669,181,488
4886031000,1412,698,714,78,49,29,109,63,46,344,209,135,619,305,314,262,72,190
4886032000,1054,509,545,79,41,38,74,37,37,250,159,91,418,199,219,233,73,160
4886033000,1986,960,1026,125,77,48,168,102,66,425,263,162,875,404,471,393,114,279
4886034000,2870,1410,1460,235,130,105,325,179,146,777,445,332,1088,527,561,445,129,316
4886035000,1812,889,923,94,61,33,155,89,66,514,269,245,801,393,408,248,77,171
4886036000,4093,2045,2048,370,202,168,459,248,211,1304,702,602,1541,748,793,419,145,274
4886037000,5628,2836,2792,363,195,168,604,365,239,1628,895,733,2340,1190,1150,693,191,502
4886038000,5557,2726,2831,737,363,374,867,473,394,1666,855,811,1770,900,870,517,135,382
4886039000,1155,557,598,73,34,39,95,56,39,257,163,94,536,255,281,194,49,145
4886040000,2057,1025,1032,137,78,59,161,91,70,506,315,191,897,452,445,356,89,267
4833000000,354726,177759,176967,67472,34486,32986,86672,45468,41204,121142,61344,59798,68649,32842,35807,10791,3619,7172
4833025300,120539,59540,60999,28355,14427,13928,33738,16703,17035,39892,19845,20047,16432,7911,8521,2122,654,1468
4833031000,37480,19026,18454,7965,4107,3858,9909,5113,4796,12204,6353,5851,6606,3187,3419,796,266,530
4833032000,3362,1728,1634,184,93,91,327,201,126,853,478,375,1619,833,786,379,123,256
4833033000,12647,6460,6187,1252,632,620,2263,1337,926,4176,2186,1990,4197,2057,2140,759,248,511
4833034000,8018,4178,3840,594,311,283,1296,778,518,2663,1402,1261,2897,1513,1384,568,174,394
4833051000,11414,6049,5365,1007,537,470,2632,1564,1068,3809,2057,1752,3466,1711,1755,500,180,320
4833051500,32841,15852,16989,6338,3277,3061,7578,3898,3680,12102,5678,6424,5820,2621,3199,1003,378,625
4833052000,21856,11485,10371,2997,1544,1453,5913,3480,2433,7857,4007,3850,4464,2273,2191,625,181,444
4833053000,8927,4481,4446,1678,796,882,2019,1093,926,3159,1627,1532,1790,887,903,281,78,203
4833054000,28406,14834,13572,5416,2786,2630,6225,3458,2767,10397,5579,4818,5578,2733,2845,790,278,512
4833055000,20375,10190,10185,3093,1584,1509,4341,2354,1987,7272,3712,3560,4787,2245,2542,882,295,587
4833056000,30670,14949,15721,5400,2758,2642,6072,3183,2889,10593,5381,5212,7168,3090,4078,1437,537,900
4833057000,18191,8987,9204,3193,1634,1559,4359,2306,2053,6165,3039,3126,3825,1781,2044,649,227,422
4872000000,26322,12966,13356,2430,1273,1157,3446,1934,1512,7173,4027,3146,9618,4713,4905,3655,1019,2636
4872025000,9458,4681,4777,1532,800,732,1835,950,885,3088,1642,1446,2383,1116,1267,620,173,447
4872031000,1676,833,843,73,39,34,171,97,74,424,257,167,724,369,355,284,71,213
4872032000,1158,573,585,39,22,17,126,87,39,287,156,131,514,250,264,192,58,134
4872033000,1025,496,529,64,31,33,107,65,42,235,143,92,429,209,220,190,48,142
4872034000,1509,747,762,79,39,40,156,99,57,393,223,170,628,308,320,253,78,175
4872035000,1515,758,757,87,41,46,164,98,66,401,229,172,610,320,290,253,70,183
4872036000,1424,691,733,71,31,40,130,76,54,345,211,134,609,295,314,269,78,191
4872037000,1804,919,885,85,49,36,157,88,69,436,244,192,826,446,380,300,92,208
4872038000,740,347,393,45,26,19,57,37,20,149,86,63,355,165,190,134,33,101
4872039000,2767,1334,1433,211,110,101,323,194,129,743,432,311,1082,500,582,408,98,310
4872040000,985,518,467,67,45,22,91,62,29,196,123,73,434,230,204,197,58,139
4872041500,1119,521,598,35,21,14,64,39,25,222,127,95,509,245,264,289,89,200
4872042000,1142,548,594,42,19,23,65,42,23,254,154,100,515,260,255,266,73,193
4817000000,347097,171601,175496,61480,32123,29357,85236,45465,39771,110555,54818,55737,74692,34656,40036,15134,4539,10595
4817025000,8059,4083,3976,1238,675,563,1613,865,748,2362,1262,1100,2266,1135,1131,580,146,434
4817031000,4020,2019,2001,772,416,356,810,413,397,1320,668,652,903,462,441,215,60,155
4817032000,8772,4480,4292,1514,759,755,2795,1532,1263,2514,1277,1237,1632,831,801,317,81,236
4817033000,2184,1039,1145,131,67,64,259,155,104,525,305,220,897,420,477,372,92,280
4817035000,1872,924,948,84,44,40,236,135,101,466,274,192,790,384,406,296,87,209
4817036000,2557,1249,1308,270,143,127,363,205,158,744,405,339,882,425,457,298,71,227
4817037000,1581,795,786,66,45,21,132,89,43,347,219,128,749,369,380,287,73,214
4817038000,1478,725,753,70,37,33,131,77,54,344,224,120,664,321,343,269,66,203
4817039000,1430,714,716,109,47,62,158,100,58,366,222,144,564,287,277,233,58,175
4817040000,3188,1594,1594,170,95,75,352,225,127,802,485,317,1320,643,677,544,146,398
4817041000,20903,10479,10424,4733,2509,2224,4601,2477,2124,7008,3403,3605,3859,1862,1997,702,228,474
4817042000,4638,2314,2324,613,308,305,745,407,338,1490,801,689,1405,691,714,385,107,278
4817043000,1579,779,800,61,36,25,134,76,58,371,234,137,715,358,357,298,75,223
4817044000,3982,1958,2024,297,150,147,529,288,241,1143,604,539,1592,781,811,421,135,286
4817045000,1036,497,539,65,30,35,129,78,51,265,148,117,414,204,210,163,37,126
4817046000,2185,1066,1119,132,75,57,227,122,105,581,358,223,896,427,469,349,84,265
4817051500,27872,13690,14182,3890,2128,1762,7074,3848,3226,8453,4135,4318,6974,3073,3901,1481,506,975
4817055500,10300,5087,5213,1069,564,505,2480,1329,1151,3157,1634,1523,2993,1354,1639,601,206,395
4817056500,11014,5323,5691,937,520,417,1955,1096,859,3124,1693,1431,4141,1772,2369,857,242,615
4817059500,13823,6822,7001,1515,812,703,2980,1587,1393,4324,2287,2037,4205,1876,2329,799,260,539
4817067300,19311,9557,9754,2431,1240,1191,4775,2621,2154,6202,3071,3131,5119,2331,2788,784,294,490
4817067800,24152,12079,12073,3577,1932,1645,6074,3368,2706,8358,4034,4324,5400,2530,2870,743,215,528
4817068000,11492,5835,5657,1675,811,864,2806,1565,1241,3690,1916,1774,2904,1389,1515,417,154,263
4817069500,26841,13572,13269,7223,3995,3228,6793,3442,3351,9478,4595,4883,2926,1419,1507,421,121,300
4817071000,27373,13086,14287,5342,2724,2618,6958,3644,3314,9627,4357,5270,4541,2083,2458,905,278,627
4817071500,11602,5483,6119,1691,881,810,2685,1389,1296,3583,1666,1917,3034,1318,1716,609,229,380
4817072000,11875,5851,6024,1854,1028,826,2556,1408,1148,3981,1873,2108,3023,1413,1610,461,129,332
4817073000,21005,9999,11006,5236,2567,2669,4627,2298,2329,7308,3491,3817,3332,1504,1828,502,139,363
4817074000,27983,14188,13795,4993,2618,2375,10001,5574,4427,8210,3971,4239,4182,1860,2322,597,165,432
4817075000,32990,16314,16676,9722,4867,4855,10258,5052,5206,10412,5206,5206,2370,1134,1236,228,55,173
4874000000,60129,29948,30181,6881,3638,3243,9115,5135,3980,17477,9552,7925,20747,9919,10828,5909,1704,4205
4874025000,16694,8279,8415,2688,1402,1286,3343,1797,1546,5148,2690,2458,4456,2068,2388,1059,322,737
4874025300,11965,6016,5949,1797,958,839,1903,1028,875,3790,2085,1705,3611,1691,1920,864,254,610
4874031000,1923,954,969,169,96,73,208,112,96,437,249,188,787,406,381,322,91,231
4874032000,1603,752,851,69,36,33,178,96,82,404,217,187,697,342,355,255,61,194
4874033000,3857,1993,1864,268,166,102,496,303,193,1080,651,429,1501,725,776,512,148,364
4874034000,2480,1158,1322,305,126,179,239,142,97,577,313,264,989,475,514,370,102,268
4874035000,1754,860,894,87,48,39,187,123,64,393,229,164,810,380,430,277,80,197
4874036000,2528,1309,1219,290,165,125,371,218,153,713,427,286,872,413,459,282,86,196
4874037000,2342,1183,1159,135,71,64,278,180,98,676,391,285,934,444,490,319,97,222
4874038000,5383,2711,2672,504,265,239,817,483,334,1658,897,761,1945,938,1007,459,128,331
4874039000,1843,908,935,90,56,34,185,109,76,455,268,187,814,389,425,299,86,213
4874040000,2725,1344,1381,211,105,106,352,205,147,773,420,353,1077,526,551,312,88,224
4874041000,1501,754,747,72,41,31,142,94,48,398,202,196,698,368,330,191,49,142
4874042000,3531,1727,1804,196,103,93,416,245,171,975,513,462,1556,754,802,388,112,276
4822000000,125383,62928,62455,21218,10830,10388,22802,12180,10622,42804,22567,20237,32792,15614,17178,5767,1737,4030
4822025000,4558,2398,2160,306,151,155,551,329,222,1412,856,556,1792,928,864,497,134,363
4822031000,12382,6197,6185,2555,1273,1282,2284,1171,1113,4331,2276,2055,2655,1295,1360,557,182,375
4822033000,2839,1458,1381,170,93,77,304,185,119,745,456,289,1270,627,643,350,97,253
4822034000,30965,15656,15309,7602,3894,3708,6876,3463,3413,11298,5924,5374,4570,2199,2371,619,176,443
4822035000,1974,1103,871,129,73,56,203,130,73,672,413,259,775,411,364,195,76,119
4822036000,1951,1008,943,83,42,41,145,88,57,472,314,158,923,470,453,328,94,234
4822037000,1443,711,732,47,21,26,119,79,40,393,233,160,661,325,336,223,53,170
4822051000,8670,4308,4362,1140,550,590,1458,822,636,2816,1504,1312,2789,1297,1492,467,135,332
4822053000,2840,1392,1448,248,110,138,346,200,146,854,486,368,1153,514,639,239,82,157
4822055000,3854,1920,1934,304,145,159,503,298,205,1232,685,547,1521,696,825,294,96,198
4822059000,8743,4432,4311,1026,515,511,1407,801,606,3020,1649,1371,2860,1324,1536,430,143,287
4822060000,10364,4963,5401,1602,834,768,1885,1017,868,3273,1559,1714,3168,1413,1755,436,140,296
4822066500,11048,5414,5634,2131,1098,1033,1942,997,945,3922,1946,1976,2720,1296,1424,333,77,256
4822067000,10093,5173,4920,1339,683,656,1759,1009,750,3397,1845,1552,3087,1473,1614,511,163,348
4822070000,13659,6795,6864,2536,1348,1188,3020,1591,1429,4967,2421,2546,2848,1346,1502,288,89,199
4885000000,43449,21696,21753,4306,2305,2001,5566,3196,2370,12580,6955,5625,15668,7677,7991,5329,1563,3766
4885025000,9724,4793,4931,1368,718,650,1707,916,791,3042,1593,1449,2860,1347,1513,747,219,528
4885031000,3039,1533,1506,274,148,126,324,176,148,1039,571,468,1103,538,565,299,100,199
4885032000,3493,1733,1760,272,161,111,334,207,127,1021,546,475,1368,660,708,498,159,339
4885033000,1914,944,970,133,82,51,202,115,87,505,282,223,755,377,378,319,88,231
4885034000,1820,893,927,115,56,59,182,104,78,456,258,198,737,382,355,330,93,237
4885035000,2186,1074,1112,165,75,90,231,145,86,567,323,244,873,434,439,350,97,253
4885036000,3384,1725,1659,224,115,109,382,253,129,926,547,379,1388,667,721,464,143,321
4885037000,5911,2929,2982,748,389,359,846,465,381,1760,945,815,1917,944,973,640,186,454
4885038000,1710,832,878,83,37,46,142,88,54,403,233,170,746,370,376,336,104,232
4885039000,1681,821,860,135,67,68,163,95,68,406,242,164,698,344,354,279,73,206
4885040000,1425,742,683,162,105,57,132,73,59,369,208,161,614,318,296,148,38,110
4885041000,4206,2127,2079,365,199,166,450,264,186,1176,666,510,1612,822,790,603,176,427
4885042000,2956,1550,1406,262,153,109,471,295,176,910,541,369,997,474,523,316,87,229
4873000000,62547,31816,30731,9342,4873,4469,10069,5560,4509,19883,10841,9042,18356,9136,9220,4897,1406,3491
4873025000,18163,9146,9017,3055,1638,1417,3604,1984,1620,6071,3158,2913,4408,2075,2333,1025,291,734
4873025300,19042,9658,9384,4326,2203,2123,3265,1669,1596,6849,3609,3240,3898,1966,1932,704,211,493
4873031000,2389,1209,1180,160,81,79,275,158,117,607,345,262,1003,515,488,344,110,234
4873032000,6064,3162,2902,560,290,270,944,588,356,1518,920,598,2251,1143,1108,791,221,570
4873033000,2806,1440,1366,133,75,58,283,178,105,765,479,286,1240,599,641,385,109,276
4873034000,3345,1670,1675,178,102,76,324,192,132,821,490,331,1482,729,753,540,157,383
4873035000,5260,2752,2508,651,339,312,780,443,337,1785,1016,769,1628,841,787,416,113,303
4873036000,1896,975,921,79,38,41,172,103,69,481,290,191,885,450,435,279,94,185
4873038000,2681,1343,1338,162,85,77,334,198,136,770,406,364,1121,583,538,294,71,223
4873039000,901,461,440,38,22,16,88,47,41,216,128,88,440,235,205,119,29,90
4887000000,38310,18531,19779,4481,2317,2164,5319,2892,2427,10842,5863,4979,13074,6117,6957,4594,1342,3252
4887025000,18109,8809,9300,3058,1577,1481,3353,1767,1586,5773,2981,2792,4621,2099,2522,1304,385,919
4887031000,2140,1026,1114,141,76,65,180,102,78,621,338,283,878,419,459,320,91,229
4887032000,1557,774,783,89,45,44,117,61,56,425,264,161,664,332,332,262,72,190
4887033000,1590,753,837,79,35,44,139,86,53,351,199,152,689,343,346,332,90,242
4887034000,2380,1165,1215,215,117,98,318,171,147,574,336,238,945,447,498,328,94,234
4887035000,2050,991,1059,141,67,74,202,129,73,511,278,233,854,413,441,342,104,238
4887036000,4434,2091,2343,357,181,176,435,244,191,1085,617,468,1827,825,1002,730,224,506
4887037000,1383,656,727,73,39,34,122,77,45,334,188,146,611,279,332,243,73,170
4887038000,1812,854,958,136,69,67,174,92,82,437,242,195,769,372,397,296,79,217
4887039000,1557,785,772,100,62,38,140,82,58,386,217,169,709,352,357,222,72,150
4887040000,1298,627,671,92,49,43,139,81,58,345,203,142,507,236,271,215,58,157
4889000000,42935,20765,22170,3742,1953,1789,5115,2910,2205,11171,6278,4893,16629,7851,8778,6278,1773,4505
4889025000,11108,5423,5685,1863,968,895,2109,1107,1002,3536,1804,1732,2822,1298,1524,778,246,532
4889031000,1402,689,713,62,35,27,93,52,41,319,170,149,653,349,304,275,83,192
4889032000,1564,754,810,71,39,32,138,85,53,323,186,137,699,339,360,333,105,228
4889033000,4150,2019,2131,294,151,143,425,248,177,1150,661,489,1724,811,913,557,148,409
4889034000,2359,1119,1240,174,86,88,243,151,92,575,324,251,974,456,518,393,102,291
4889035000,2236,1134,1102,107,58,49,229,156,73,522,324,198,1011,483,528,367,113,254
4889036000,2379,1143,1236,176,96,80,290,176,114,589,313,276,981,455,526,343,103,240
4889037000,1225,587,638,43,17,26,77,48,29,251,152,99,616,305,311,238,65,173
4889038000,845,420,425,34,19,15,62,36,26,196,134,62,376,176,200,177,55,122
4889039000,1607,779,828,60,33,27,153,90,63,353,221,132,724,342,382,317,93,224
4889040000,1383,645,738,76,32,44,131,80,51,289,172,117,628,288,340,259,73,186
4889041000,1828,901,927,209,111,98,258,145,113,456,271,185,636,304,332,269,70,199
4889042000,1743,826,917,76,43,33,125,78,47,359,239,120,810,371,439,373,95,278
4889043000,3168,1457,1711,183,97,86,296,177,119,805,462,343,1343,594,749,541,127,414
4889044000,1717,821,896,97,46,51,117,71,46,422,238,184,773,388,385,308,78,230
4889045000,1990,950,1040,114,66,48,181,99,82,483,272,211,866,415,451,346,98,248
4889046000,2231,1098,1133,103,56,47,188,111,77,543,335,208,993,477,516,404,119,285
4729000000,268369,134940,133429,42586,21921,20665,69238,37496,31742,87532,44354,43178,57833,27457,30376,11180,3712,7468
4729025000,28053,14118,13935,4858,2561,2297,7196,4000,3196,9003,4465,4538,5758,2673,3085,1238,419,819
4729025300,35568,18565,17003,5397,2754,2643,9083,5191,3892,12928,6842,6086,6794,3324,3470,1366,454,912
4729025600,20797,11063,9734,3415,1804,1611,7045,3957,3088,5904,3247,2657,3698,1815,1883,735,240,495
4729031000,5732,3080,2652,373,202,171,899,531,368,1691,994,697,2235,1171,1064,534,182,352
4729033000,5453,2786,2667,371,200,171,809,476,333,1546,859,687,2195,1095,1100,532,156,376
4729034000,3270,1715,1555,165,79,86,377,243,134,822,485,337,1478,776,702,428,132,296
4729035000,3711,1930,1781,269,137,132,460,283,177,1033,588,445,1506,790,716,443,132,311
4729037000,2919,1502,1417,179,96,83,405,246,159,820,468,352,1220,601,619,295,91,204
4729051000,9643,4662,4981,1054,539,515,2604,1336,1268,3041,1448,1593,2566,1220,1346,378,119,259
4729052000,6359,3160,3199,550,289,261,1620,920,700,1966,999,967,1838,838,1000,385,114,271
4729053000,19968,9836,10132,3883,2038,1845,4461,2351,2110,6588,3258,3330,4287,1928,2359,749,261,488
4729054100,35561,16889,18672,6333,3084,3249,7959,3975,3984,12245,5881,6364,7648,3465,4183,1376,484,892
4729054200,36165,17344,18821,6816,3389,3427,9775,4953,4822,11859,5566,6293,6673,3060,3613,1042,376,666
4729055000,16296,8894,7402,1722,930,792,6569,3751,2818,4641,2612,2029,2892,1439,1453,472,162,310
4729056000,38874,19396,19478,7201,3819,3382,9976,5283,4693,13445,6642,6803,7045,3262,3783,1207,390,817
4713000000,251889,126024,125865,35564,18366,17198,50214,27620,22594,82334,42705,39629,68332,32648,35684,15445,4685,10760
4713025000,5391,2698,2693,358,189,169,654,387,267,1563,932,631,2196,996,1200,620,194,426
4713025300,24083,11879,12204,2932,1501,1431,3770,2086,1684,7986,4146,3840,7494,3560,3934,1901,586,1315
4713025600,9233,4696,4537,798,439,359,1302,799,503,2570,1433,1137,3574,1715,1859,989,310,679
4713025900,22159,11688,10471,2545,1335,1210,4772,2752,2020,7397,4143,3254,6158,3119,3039,1287,339,948
4713031500,4214,2206,2008,379,225,154,881,532,349,1014,615,399,1447,708,739,493,126,367
4713032000,6277,3338,2939,579,293,286,1050,664,386,1988,1154,834,2162,1075,1087,498,152,346
4713033000,4684,2358,2326,286,143,143,503,313,190,1255,706,549,1969,1001,968,671,195,476
4713034000,3230,1597,1633,125,68,57,242,132,110,737,404,333,1675,843,832,451,150,301
4713035000,3116,1555,1561,173,105,68,300,172,128,791,471,320,1421,661,760,431,146,285
4713036000,21699,10669,11030,4679,2393,2286,5054,2585,2469,7445,3672,3773,3796,1811,1985,725,208,517
4713037000,6078,3082,2996,464,228,236,777,456,321,1886,1065,821,2299,1140,1159,652,193,459
4713038000,5677,2963,2714,569,279,290,1039,598,441,1738,980,758,1875,959,916,456,147,309
4713051500,5096,2514,2582,453,241,212,969,542,427,1461,764,697,1829,835,994,384,132,252
4713053000,6307,3048,3259,456,230,226,1090,624,466,1845,976,869,2398,1048,1350,518,170,348
4713055000,13647,6785,6862,1164,625,539,3147,1837,1310,4016,2095,1921,4517,1954,2563,803,274,529
4713057000,4485,2214,2271,259,130,129,581,349,232,1241,691,550,1819,859,960,585,185,400
4713059000,14685,7382,7303,2661,1401,1260,3283,1809,1474,5284,2620,2664,2876,1362,1514,581,190,391
4713060500,5836,2873,2963,699,362,337,924,489,435,1759,940,819,1954,924,1030,500,158,342
4713061500,24072,11871,12201,5496,2779,2717,5948,3071,2877,8482,4148,4334,3569,1719,1850,577,154,423
4713062100,28310,13895,14415,5887,3051,2836,6775,3500,3275,10416,4964,5452,4534,2185,2349,698,195,503
4713063000,22161,11079,11082,3271,1684,1587,5002,2787,2215,7907,3896,4011,5202,2474,2728,779,238,541
4713065000,9725,4781,4944,1201,603,598,1878,983,895,3035,1611,1424,2906,1378,1528,705,206,499
4713066000,1724,853,871,130,62,68,273,153,120,518,279,239,662,322,340,141,37,104
4783000000,30626,15741,14885,3224,1706,1518,4357,2459,1898,9266,5246,4020,10706,5345,5361,3073,985,2088
4783025300,9886,4988,4898,1432,775,657,1650,909,741,3274,1756,1518,2848,1336,1512,682,212,470
4783031000,1414,711,703,72,39,33,143,81,62,321,182,139,625,325,300,253,84,169
4783032000,1812,918,894,88,49,39,204,117,87,452,271,181,787,394,393,281,87,194
4783033000,2515,1372,1143,130,60,70,335,201,134,741,463,278,1020,548,472,289,100,189
4783034000,8295,4308,3987,1173,612,561,1396,772,624,2752,1516,1236,2459,1225,1234,515,183,332
4783035000,1902,1026,876,72,43,29,201,125,76,521,333,188,847,449,398,261,76,185
4783036000,1548,799,749,71,32,39,137,92,45,391,246,145,681,342,339,268,87,181
4783037000,3254,1619,1635,186,96,90,291,162,129,814,479,335,1439,726,713,524,156,368
4719000000,412581,212021,200560,82862,42848,40014,117428,64263,53165,142793,72418,70375,59809,29606,30203,9689,2886,6803
4719025000,14623,7231,7392,1916,962,954,2533,1448,1085,4748,2400,2348,4301,2100,2201,1125,321,804
4719025300,38162,19296,18866,7432,3928,3504,9319,5022,4297,13756,6690,7066,6491,3334,3157,1164,322,842
4719025600,26902,14027,12875,8114,4118,3996,9941,5122,4819,6999,3892,3107,1515,805,710,333,90,243
4719031000,1829,908,921,97,47,50,160,96,64,469,282,187,804,397,407,299,86,213
4719032000,1687,870,817,61,28,33,163,107,56,450,271,179,719,377,342,294,87,207
4719033000,2167,1111,1056,133,76,57,226,147,79,559,347,212,889,426,463,360,115,245
4719034000,3997,2094,1903,196,93,103,476,308,168,1159,703,456,1596,795,801,570,195,375
4719036000,3037,1549,1488,254,137,117,376,220,156,913,508,405,1139,575,564,355,109,246
4719051000,24087,11859,12228,4106,2058,2048,6501,3492,3009,8250,3897,4353,4744,2252,2492,486,160,326
4719053500,6276,3410,2866,315,162,153,1412,832,580,2253,1316,937,1989,998,991,307,102,205
4719055100,29123,14220,14903,5515,2775,2740,6880,3721,3159,10762,4981,5781,5291,2533,2758,675,210,465
4719055500,2151,1112,1039,175,87,88,354,223,131,706,374,332,785,394,391,131,34,97
4719056500,38893,19732,19161,8519,4435,4084,9880,5204,4676,14426,7125,7301,5443,2774,2669,625,194,431
4719058200,14174,7009,7165,2495,1327,1168,3395,1827,1568,5258,2422,2836,2721,1339,1382,305,94,211
4719058300,16583,8319,8264,2610,1405,1205,4208,2372,1836,6329,2897,3432,3157,1566,1591,279,79,200
4719059000,3254,1825,1429,306,154,152,1090,707,383,1028,576,452,741,354,387,89,34,55
4719060000,3104,1685,1419,480,262,218,905,529,376,1021,565,456,593,296,297,105,33,72
4719061000,13141,6885,6256,2729,1381,1348,4492,2506,1986,4399,2241,2158,1390,719,671,131,38,93
4719063000,4279,2310,1969,633,327,306,1258,763,495,1556,814,742,738,374,364,94,32,62
4719064500,30997,16149,14848,6351,3224,3127,8997,5060,3937,12076,6140,5936,3164,1611,1553,409,114,295
4719066000,18772,9814,8958,4501,2368,2133,5193,2817,2376,7094,3660,3434,1755,902,853,229,67,162
4719067000,48057,24935,23122,10276,5413,4863,15258,8314,6944,16683,8582,8101,5142,2429,2713,698,197,501
4719068000,16609,9071,7538,1879,969,910,8679,4853,3826,4638,2601,2037,1268,610,658,145,38,107
4719069000,46262,24154,22108,12958,6685,6273,13999,7560,6439,15897,8380,7517,2955,1401,1554,453,128,325
4719070000,4415,2446,1969,811,427,384,1733,1013,720,1364,754,610,479,245,234,28,7,21
4772000000,22945,11761,11184,1524,829,695,2585,1536,1049,6160,3541,2619,9600,4851,4749,3076,1004,2072
4772025000,8161,4223,3938,962,539,423,1275,731,544,2566,1403,1163,2614,1301,1313,744,249,495
4772031000,2253,1175,1078,71,40,31,192,113,79,555,336,219,1028,538,490,407,148,259
4772032000,3753,1937,1816,199,100,99,407,234,173,972,574,398,1703,883,820,472,146,326
4772033000,2011,1041,970,84,54,30,203,137,66,508,283,225,910,461,449,306,106,200
4772034000,1933,968,965,44,15,29,159,100,59,451,277,174,934,467,467,345,109,236
4772035000,2356,1143,1213,97,43,54,187,105,82,537,320,217,1134,544,590,401,131,270
4772036000,1182,598,584,39,22,17,83,61,22,259,166,93,581,283,298,220,66,154
4772038000,1296,676,620,28,16,12,79,55,24,312,182,130,696,374,322,181,49,132
4715000000,140239,70305,69934,22189,11775,10414,28644,15508,13136,42780,22410,20370,36879,17545,19334,9747,3067,6680
4715025000,7800,3899,3901,855,437,418,1264,678,586,2532,1348,1184,2497,1235,1262,652,201,451
4715031000,3076,1616,1460,250,129,121,476,279,197,889,542,347,1106,531,575,355,135,220
4715032000,3078,1588,1490,200,108,92,390,235,155,854,502,352,1200,616,584,434,127,307
4715034000,2407,1229,1178,142,79,63,311,194,117,639,371,268,1004,497,507,311,88,223
4715035000,3258,1611,1647,159,89,70,314,191,123,801,455,346,1421,708,713,563,168,395
4715036000,4013,2052,1961,313,192,121,496,295,201,1118,616,502,1612,805,807,474,144,330
4715037000,3065,1579,1486,218,120,98,403,234,169,820,468,352,1305,655,650,319,102,217
4715038000,3407,1725,1682,257,133,124,465,272,193,967,531,436,1324,672,652,394,117,277
4715039000,1936,997,939,134,85,49,237,144,93,552,314,238,739,369,370,274,85,189
4715040000,2178,1091,1087,128,68,60,234,134,100,571,327,244,922,469,453,323,93,230
4715041000,2755,1371,1384,125,75,50,247,143,104,694,402,292,1233,617,616,456,134,322
4715042000,1531,767,764,90,52,38,141,90,51,351,214,137,673,326,347,276,85,191
4715043000,1236,620,616,58,33,25,102,57,45,296,179,117,554,286,268,226,65,161
4715044000,2263,1140,1123,351,192,159,209,128,81,480,268,212,872,440,432,351,112,239
4715045000,1033,494,539,37,21,16,63,33,30,296,170,126,466,225,241,171,45,126
4715051600,6551,3320,3231,525,265,260,1145,690,455,1817,1036,781,2515,1132,1383,549,197,352
4715053600,7466,3636,3830,597,322,275,1415,830,585,2122,1118,1004,2671,1127,1544,661,239,422
4715056500,3816,1860,1956,329,183,146,517,279,238,1009,555,454,1545,686,859,416,157,259
4715057500,25354,12582,12772,5102,2611,2491,6524,3499,3025,8355,4109,4246,4422,2076,2346,951,287,664
4715059500,20150,10089,10061,3566,2059,1507,4132,2284,1848,6583,3179,3404,4868,2236,2632,1001,331,670
4715061000,10972,5572,5400,1915,1023,892,2686,1485,1201,3668,1883,1785,2317,1073,1244,386,108,278
4715064000,22894,11467,11427,6838,3499,3339,6873,3334,3539,7366,3823,3543,1613,764,849,204,47,157
4728000000,71154,34919,36235,9254,4899,4355,11556,6312,5244,20387,10727,9660,23267,10916,12351,6690,2065,4625
4728025000,5775,2791,2984,551,276,275,712,421,291,1567,826,741,2276,1046,1230,669,222,447
4728025100,1109,571,538,90,50,40,109,69,40,323,189,134,450,224,226,137,39,98
4728025300,3206,1564,1642,249,141,108,323,189,134,754,411,343,1333,652,681,547,171,376
4728025400,883,473,410,52,28,24,82,39,43,269,158,111,375,214,161,105,34,71
4728031000,2452,1289,1163,328,202,126,217,131,86,510,304,206,979,509,470,418,143,275
4728032000,3072,1547,1525,221,110,111,326,199,127,743,445,298,1285,626,659,497,167,330
4728033000,2434,1178,1256,182,104,78,465,210,255,546,309,237,917,453,464,324,102,222
4728034000,2787,1387,1400,152,86,66,272,168,104,684,405,279,1200,595,605,479,133,346
4728035000,2008,1027,981,164,82,82,190,108,82,526,290,236,868,461,407,260,86,174
4728036000,3558,1692,1866,202,107,95,402,235,167,902,534,368,1489,675,814,563,141,422
4728037000,2612,1202,1410,158,86,72,243,134,109,656,348,308,1150,529,621,405,105,300
4728057000,5742,2798,2944,712,406,306,1049,581,468,1659,837,822,1913,826,1087,409,148,261
4728058000,7030,3396,3634,982,509,473,1187,650,537,1972,1026,946,2379,1052,1327,510,159,351
4728059000,9060,4499,4561,1473,812,661,1662,925,737,2814,1429,1385,2564,1145,1419,547,188,359
4728060000,3164,1591,1573,269,136,133,450,252,198,848,510,338,1214,587,627,383,106,277
4728061000,16262,7914,8348,3469,1764,1705,3867,2001,1866,5614,2706,2908,2875,1322,1553,437,121,316
4792000000,30762,15551,15211,3030,1597,1433,3572,2071,1501,8550,4755,3795,11774,5850,5924,3836,1278,2558
4792025000,9701,4798,4903,1449,737,712,1490,805,685,2939,1556,1383,2905,1401,1504,918,299,619
4792031000,3059,1547,1512,201,112,89,261,165,96,777,413,364,1389,704,685,431,153,278
4792032000,2077,1005,1072,132,67,65,224,134,90,520,287,233,890,427,463,311,90,221
4792033000,2001,1013,988,144,75,69,194,113,81,473,280,193,836,417,419,354,128,226
4792034000,4350,2175,2175,373,208,165,465,268,197,1202,652,550,1723,842,881,587,205,382
4792035000,2179,1098,1081,134,71,63,185,106,79,594,336,258,976,499,477,290,86,204
4792036000,1496,758,738,84,52,32,117,65,52,431,230,201,661,344,317,203,67,136
4792037000,2213,1163,1050,162,95,67,167,109,58,608,360,248,977,500,477,299,99,200
4792038000,1691,867,824,52,29,23,133,86,47,383,232,151,831,415,416,292,105,187
4792039000,1995,1127,868,299,151,148,336,220,116,623,409,214,586,301,285,151,46,105
4725000000,95566,46869,48697,12197,6399,5798,14670,8182,6488,27118,14385,12733,31543,14921,16622,10038,2982,7056
4725025000,6354,3064,3290,769,387,382,764,437,327,1687,908,779,2319,1089,1230,815,243,572
4725031000,1381,674,707,97,51,46,126,76,50,318,199,119,609,286,323,231,62,169
4725032500,3798,1859,1939,267,154,113,386,233,153,909,546,363,1557,754,803,679,172,507
4725033000,2968,1446,1522,219,110,109,281,172,109,697,398,299,1228,609,619,543,157,386
4725033500,965,476,489,55,27,28,76,47,29,253,154,99,392,194,198,189,54,135
4725034000,2563,1247,1316,168,98,70,261,157,104,598,352,246,1098,513,585,438,127,311
4725035000,3905,1928,1977,313,178,135,340,206,134,908,533,375,1739,818,921,605,193,412
4725036000,1620,802,818,113,64,49,145,74,71,401,251,150,683,332,351,278,81,197
4725037000,1895,968,927,120,62,58,164,101,63,478,265,213,858,448,410,275,92,183
4725038000,2542,1281,1261,236,121,115,264,156,108,720,395,325,1059,513,546,263,96,167
4725039000,1712,872,840,118,57,61,169,117,52,463,270,193,725,352,373,237,76,161
4725039500,749,359,390,64,35,29,65,34,31,194,101,93,314,161,153,112,28,84
4725040000,1940,974,966,155,79,76,182,98,84,526,309,217,815,410,405,262,78,184
4725041000,2799,1361,1438,316,155,161,300,164,136,752,395,357,1066,517,549,365,130,235
4725042000,1204,603,601,87,46,41,126,66,60,351,202,149,473,226,247,167,63,104
4725042600,316,168,148,12,6,6,19,14,5,86,54,32,152,82,70,47,12,35
4725043000,2651,1262,1389,211,106,105,243,144,99,715,390,325,1087,511,576,395,111,284
4725044000,1136,527,609,63,33,30,74,39,35,236,139,97,557,255,302,206,61,145
4725044500,378,196,182,28,16,12,20,15,5,92,56,36,146,76,70,92,33,59
4725045000,2111,1005,1106,123,56,67,188,124,64,444,255,189,953,457,496,403,113,290
4725046000,1987,970,1017,134,74,60,150,91,59,460,271,189,853,408,445,390,126,264
4725047000,793,381,412,61,30,31,71,26,45,215,124,91,327,170,157,119,31,88
4725052000,11684,5714,5970,2024,1109,915,2357,1282,1075,3645,1763,1882,3051,1384,1667,607,176,431
4725053000,9342,4694,4648,1619,864,755,2039,1091,948,2999,1544,1455,2232,1055,1177,453,140,313
4725054000,8771,4181,4590,1605,805,800,1769,954,815,2765,1375,1390,2050,900,1150,582,147,435
4725055000,7865,3826,4039,1186,598,588,1483,810,673,2498,1277,1221,2164,983,1181,534,158,376
4725056000,3483,1699,1784,446,254,192,520,299,221,1063,558,505,1146,497,649,308,91,217
4725057000,8654,4332,4322,1588,824,764,2088,1155,933,2645,1301,1344,1890,921,969,443,131,312
4784000000,42842,22216,20626,4001,2112,1889,6349,3628,2721,12594,7156,5438,15788,8019,7769,4110,1301,2809
4784025000,13518,6856,6662,2133,1115,1018,2725,1481,1244,4352,2316,2036,3494,1686,1808,814,258,556
4784031000,6110,3337,2773,391,207,184,858,539,319,1851,1106,745,2494,1323,1171,516,162,354
4784032000,3638,1998,1640,205,117,88,422,266,156,1067,660,407,1548,841,707,396,114,282
4784033000,3143,1568,1575,192,97,95,317,183,134,796,440,356,1374,706,668,464,142,322
4784034000,2003,1000,1003,90,42,48,221,135,86,550,314,236,859,424,435,283,85,198
4784035000,1196,627,569,57,38,19,117,76,41,334,189,145,516,269,247,172,55,117
4784036000,2427,1230,1197,155,81,74,304,173,131,646,384,262,1017,489,528,305,103,202
4784037000,3041,1571,1470,184,87,97,365,204,161,786,472,314,1370,699,671,336,109,227
4784038000,4439,2261,2178,365,204,161,578,325,253,1273,728,545,1745,855,890,478,149,329
4784039000,3327,1768,1559,229,124,105,442,246,196,939,547,392,1371,727,644,346,124,222
4717000000,156972,77590,79382,23313,12175,11138,31248,16693,14555,47352,24393,22959,43489,20536,22953,11570,3793,7777
4717025000,6378,3232,3146,463,256,207,801,456,345,1597,928,669,2597,1295,1302,920,297,623
4717031000,3981,2047,1934,270,159,111,449,252,197,956,564,392,1670,848,822,636,224,412
4717032000,2936,1528,1408,134,76,58,275,183,92,804,491,313,1221,610,611,502,168,334
4717033000,3473,1840,1633,194,109,85,476,296,180,893,544,349,1432,731,701,478,160,318
4717034000,7012,3569,3443,852,436,416,2098,1109,989,1709,971,738,1783,860,923,570,193,377
4717035000,2672,1287,1385,156,90,66,231,135,96,641,371,270,1189,553,636,455,138,317
4717036000,1717,856,861,79,45,34,135,84,51,411,241,170,760,374,386,332,112,220
4717037000,2080,1070,1010,130,64,66,260,161,99,585,338,247,837,420,417,268,87,181
4717038000,2797,1456,1341,159,80,79,292,170,122,728,454,274,1225,631,594,393,121,272
4717039000,2691,1351,1340,117,55,62,216,121,95,659,404,255,1266,626,640,433,145,288
4717040000,1710,887,823,79,44,35,118,68,50,410,259,151,830,424,406,273,92,181
4717041000,1823,949,874,91,55,36,153,101,52,436,239,197,858,448,410,285,106,179
4717042000,1580,831,749,60,34,26,124,79,45,370,232,138,768,391,377,258,95,163
4717043000,1724,891,833,87,46,41,124,76,48,393,237,156,825,433,392,295,99,196
4717051000,5085,2473,2612,534,284,250,1087,565,522,1420,757,663,1620,713,907,424,154,270
4717052000,4917,2367,2550,664,336,328,891,468,423,1586,813,773,1446,654,792,330,96,234
4717055500,22003,10928,11075,4057,2124,1933,5448,2943,2505,6925,3473,3452,4578,2079,2499,995,309,686
4717058500,8956,4301,4655,1487,776,711,1560,795,765,2748,1384,1364,2548,1128,1420,613,218,395
4717060000,13026,6470,6556,1797,923,874,2778,1516,1262,3999,2061,1938,3690,1688,2002,762,282,480
4717062000,6280,3043,3237,855,448,407,1204,658,546,1903,939,964,1905,850,1055,413,148,265
4717063000,6168,3049,3119,851,444,407,1199,656,543,1967,962,1005,1852,875,977,299,112,187
4717065000,21296,10117,11179,4452,2284,2168,4888,2499,2389,7187,3384,3803,4011,1757,2254,758,193,565
4717066000,16142,7853,8289,3190,1672,1518,4000,2083,1917,5311,2530,2781,3061,1415,1646,580,153,427
4717069000,10525,5195,5330,2555,1335,1220,2441,1219,1222,3714,1817,1897,1517,733,784,298,91,207
4777000000,35314,16777,18537,3488,1779,1709,4389,2441,1948,9623,5219,4404,13310,6016,7294,4504,1322,3182
4777025000,10740,5160,5580,1636,810,826,1828,989,839,3351,1753,1598,3063,1345,1718,862,263,599
4777031000,6000,2825,3175,476,255,221,734,425,309,1704,920,784,2457,1061,1396,629,164,465
4777032000,2327,1130,1197,94,56,38,237,134,103,561,333,228,1040,497,543,395,110,285
4777033000,1113,504,609,46,26,20,85,49,36,255,138,117,506,235,271,221,56,165
4777034000,1477,728,749,71,43,28,109,57,52,349,207,142,693,338,355,255,83,172
4777034500,522,247,275,21,10,11,26,16,10,105,63,42,272,125,147,98,33,65
4777035000,904,427,477,59,31,28,67,36,31,213,124,89,387,186,201,178,50,128
4777035500,1651,767,884,99,53,46,145,80,65,432,231,201,758,335,423,217,68,149
4777036000,6212,2899,3313,732,364,368,840,472,368,1698,884,814,2163,964,1199,779,215,564
4777037000,2734,1291,1443,188,99,89,220,124,96,617,372,245,1182,543,639,527,153,374
4777038000,1634,799,835,66,32,34,98,59,39,338,194,144,789,387,402,343,127,216
4776000000,16320,8144,8176,1567,812,755,2058,1156,902,4448,2555,1893,6194,2964,3230,2053,657,1396
4776025000,7125,3546,3579,936,489,447,1213,680,533,2113,1156,957,2215,1026,1189,648,195,453
4776031000,2085,1006,1079,141,71,70,198,105,93,512,304,208,916,429,487,318,97,221
4776032000,1692,860,832,92,47,45,132,75,57,386,253,133,808,397,411,274,88,186
4776033000,1764,873,891,113,57,56,180,101,79,465,257,208,710,357,353,296,101,195
4776034000,1663,844,819,159,83,76,154,90,64,446,268,178,667,319,348,237,84,153
4776035000,1991,1015,976,126,65,61,181,105,76,526,317,209,878,436,442,280,92,188
4721000000,101942,50591,51351,14350,7489,6861,17598,9883,7715,30747,15855,14892,30985,14585,16400,8262,2779,5483
4721025000,10485,5214,5271,1130,596,534,1604,938,666,2924,1527,1397,3818,1821,1997,1009,332,677
4721031000,2295,1187,1108,137,65,72,280,167,113,615,359,256,933,483,450,330,113,217
4721032000,1422,725,697,74,40,34,118,78,40,346,200,146,625,318,307,259,89,170
4721033000,1938,995,943,134,75,59,240,145,95,477,273,204,785,406,379,302,96,206
4721034000,2143,1083,1060,146,75,71,258,159,99,508,285,223,895,450,445,336,114,222
4721035000,2962,1486,1476,199,107,92,316,198,118,717,403,314,1270,634,636,460,144,316
4721036000,2700,1375,1325,191,96,95,270,163,107,707,387,320,1215,623,592,317,106,211
4721037000,1983,991,992,92,50,42,189,117,72,478,254,224,941,470,471,283,100,183
4721038000,1831,903,928,77,44,33,169,109,60,448,248,200,808,408,400,329,94,235
4721039000,2995,1494,1501,154,83,71,245,143,102,700,409,291,1439,709,730,457,150,307
4721051000,7430,3706,3724,1274,675,599,1209,690,519,2514,1288,1226,1937,885,1052,496,168,328
4721052500,6007,2866,3141,897,453,444,991,542,449,1911,968,943,1765,759,1006,443,144,299
4721055000,3912,1924,1988,404,214,190,565,324,241,1079,590,489,1478,651,827,386,145,241
4721056000,4915,2361,2554,531,293,238,683,368,315,1378,704,674,1859,817,1042,464,179,285
4721059000,6511,3227,3284,1257,652,605,1199,683,516,2259,1102,1157,1457,673,784,339,117,222
4721060000,9837,4861,4976,1140,584,556,1879,1069,810,2954,1488,1466,3146,1440,1706,718,280,438
4721061000,7599,3771,3828,1031,548,483,1431,826,605,2444,1192,1252,2244,1049,1195,449,156,293
4721062000,15303,7702,7601,3711,1915,1796,3803,2014,1789,5133,2631,2502,2249,1024,1225,407,118,289
4721063000,9674,4720,4954,1771,924,847,2149,1150,999,3155,1547,1608,2121,965,1156,478,134,344
4723000000,101888,51737,50151,12074,6301,5773,18795,10623,8172,30351,16425,13926,32462,15779,16683,8206,2609,5597
4723025000,10664,5588,5076,802,449,353,1580,903,677,3310,1910,1400,3976,1992,1984,996,334,662
4723031000,4045,2110,1935,234,129,105,523,310,213,1058,619,439,1782,912,870,448,140,308
4723032000,3753,1843,1910,283,150,133,391,229,162,932,543,389,1656,765,891,491,156,335
4723033000,3209,1686,1523,152,88,64,337,225,112,836,501,335,1412,724,688,472,148,324
4723034000,2179,1081,1098,139,75,64,193,109,84,545,307,238,974,493,481,328,97,231
4723035000,3239,1705,1534,207,132,75,350,216,134,817,488,329,1467,744,723,398,125,273
4723036000,1203,595,608,47,24,23,118,67,51,309,163,146,540,281,259,189,60,129
4723037000,4190,2132,2058,251,144,107,451,259,192,1036,603,433,1876,913,963,576,213,363
4723038000,5596,3009,2587,451,230,221,1082,755,327,1332,762,570,2114,1063,1051,617,199,418
4723039000,4419,2298,2121,197,101,96,464,275,189,1141,679,462,2003,1048,955,614,195,419
4723040000,3131,1652,1479,160,77,83,404,235,169,814,504,310,1399,717,682,354,119,235
4723051000,28259,13929,14330,4969,2573,2396,6648,3622,3026,9526,4738,4788,6008,2700,3308,1108,296,812
4723052000,9688,4855,4833,1682,876,806,2288,1234,1054,3075,1558,1517,2177,1033,1144,466,154,312
4723053500,4669,2328,2341,405,196,209,821,456,365,1374,782,592,1660,767,893,409,127,282
4723054000,9530,4702,4828,1663,831,832,2385,1253,1132,2990,1517,1473,2104,962,1142,388,139,249
4723055500,4114,2224,1890,432,226,206,760,475,285,1256,751,505,1314,665,649,352,107,245
4790000000,55739,27391,28348,8905,4616,4289,9303,4918,4385,15126,8029,7097,16549,7948,8601,5856,1880,3976
4790025000,14548,7169,7379,1903,1021,882,2366,1312,1054,4229,2180,2049,4781,2238,2543,1269,418,851
4790031000,2268,1137,1131,166,95,71,146,85,61,490,305,185,1007,494,513,459,158,301
4790034000,2604,1295,1309,122,61,61,234,151,83,551,316,235,1199,598,601,498,169,329
4790035000,1672,827,845,109,59,50,132,72,60,364,235,129,745,365,380,322,96,226
4790036000,19948,9762,10186,5725,2925,2800,5057,2458,2599,6285,3084,3201,2313,1122,1191,568,173,395
4790037000,2535,1263,1272,262,137,125,410,256,154,554,339,215,882,406,476,427,125,302
4790038000,2379,1160,1219,121,61,60,198,118,80,532,318,214,1084,509,575,444,154,290
4790039000,1494,724,770,49,23,26,90,56,34,284,182,102,727,353,374,344,110,234
4790040000,2683,1319,1364,115,64,51,207,126,81,571,350,221,1277,626,651,513,153,360
4790041000,3078,1475,1603,154,77,77,272,174,98,680,387,293,1361,643,718,611,194,417
4790042000,1160,581,579,73,44,29,70,34,36,283,154,129,567,303,264,167,46,121
4790043000,1370,679,691,106,49,57,121,76,45,303,179,124,606,291,315,234,84,150
4794000000,8867,4851,4016,830,426,404,1592,956,636,2996,1801,1195,2867,1449,1418,582,219,363
4794025000,6278,3446,2832,627,312,315,1212,733,479,2190,1305,885,1932,972,960,317,124,193
4794031000,881,471,410,85,50,35,131,78,53,280,166,114,300,151,149,85,26,59
4794031500,443,242,201,34,21,13,52,28,24,121,79,42,182,94,88,54,20,34
4794032000,1265,692,573,84,43,41,197,117,80,405,251,154,453,232,221,126,49,77
4793000000,47858,24026,23832,6284,3303,2981,8329,4780,3549,14306,7841,6465,14348,6819,7529,4591,1283,3308
4793025000,13878,7018,6860,2626,1367,1259,2871,1610,1261,4652,2390,2262,2937,1409,1528,792,242,550
4793025300,2721,1297,1424,242,158,84,311,173,138,638,369,269,1070,464,606,460,133,327
4793031000,6681,3534,3147,1216,622,594,1791,1021,770,2018,1152,866,1309,648,661,347,91,256
4793031500,679,351,328,25,13,12,66,41,25,190,127,63,281,135,146,117,35,82
4793033000,2740,1383,1357,219,125,94,345,204,141,773,456,317,988,477,511,415,121,294
4793035000,2482,1183,1299,144,69,75,277,184,93,541,307,234,1040,493,547,480,130,350
4793036000,1693,816,877,107,57,50,139,81,58,397,232,165,729,350,379,321,96,225
4793037000,6287,3244,3043,647,340,307,1160,697,463,1986,1117,869,1994,968,1026,500,122,378
4793038000,7410,3619,3791,880,464,416,1120,617,503,2227,1180,1047,2628,1201,1427,555,157,398
4793039000,1280,630,650,56,30,26,78,49,29,399,214,185,554,278,276,193,59,134
4793040000,2007,951,1056,122,58,64,171,103,68,485,297,188,818,396,422,411,97,314
4773000000,50632,24796,25836,3987,2103,1884,5784,3272,2512,12632,7057,5575,21033,10079,10954,7196,2285,4911
4773025000,12971,6342,6629,1751,942,809,2112,1123,989,3795,1992,1803,4250,1948,2302,1063,337,726
4773031000,1924,955,969,85,52,33,154,100,54,437,269,168,916,430,486,332,104,228
4773032000,1614,793,821,71,40,31,140,90,50,338,199,139,767,372,395,298,92,206
4773033000,1745,868,877,83,44,39,135,80,55,445,254,191,842,413,429,240,77,163
4773034000,1551,752,799,58,38,20,93,51,42,372,215,157,734,361,373,294,87,207
4773035000,1450,741,709,89,45,44,112,72,40,305,156,149,729,391,338,215,77,138
4773036000,1456,728,728,75,38,37,117,62,55,316,176,140,708,367,341,240,85,155
4773037000,4201,2053,2148,258,144,114,421,242,179,959,528,431,1908,937,971,655,202,453
4773038000,3842,1872,1970,259,124,135,488,264,224,993,577,416,1600,748,852,502,159,343
4773039000,2573,1259,1314,130,64,66,237,144,93,592,347,245,1190,580,610,424,124,300
4773040000,1756,879,877,87,43,44,161,98,63,390,231,159,804,405,399,314,102,212
4773041000,1698,849,849,87,47,40,168,108,60,394,232,162,733,348,385,316,114,202
4773042000,1783,857,926,89,47,42,184,103,81,411,256,155,776,363,413,323,88,235
4773043000,4543,2165,2378,476,225,251,678,385,293,1226,646,580,1599,743,856,564,166,398
4773044000,3765,1831,1934,206,108,98,338,212,126,858,488,370,1699,806,893,664,217,447
4773045000,822,394,428,32,17,15,46,21,25,192,114,78,374,174,200,178,68,110
4773046000,2126,1068,1058,119,66,53,140,78,62,444,278,166,1025,509,516,398,137,261
4773047000,812,390,422,32,19,13,60,39,21,165,99,66,379,184,195,176,49,127
4782000000,41891,20598,21293,3645,1859,1786,5157,2900,2257,11374,6142,5232,16637,8151,8486,5078,1546,3532
4782025000,7213,3530,3683,1113,564,549,1187,639,548,2201,1131,1070,2136,1015,1121,576,181,395
4782025100,1120,564,556,69,37,32,139,77,62,260,156,104,472,232,240,180,62,118
4782025300,10145,4961,5184,1104,549,555,1556,864,692,3049,1590,1459,3546,1697,1849,890,261,629
4782025400,1575,762,813,86,42,44,138,81,57,365,206,159,779,371,408,207,62,145
4782031000,2159,1028,1131,124,67,57,216,119,97,498,271,227,982,472,510,339,99,240
4782032000,3858,1894,1964,261,124,137,436,254,182,969,546,423,1650,806,844,542,164,378
4782033000,2238,1103,1135,119,56,63,209,118,91,577,303,274,1018,513,505,315,113,202
4782034000,4513,2199,2314,395,207,188,480,252,228,1187,634,553,1891,944,947,560,162,398
4782035000,2061,1026,1035,65,44,21,207,126,81,572,310,262,877,447,430,340,99,241
4782036000,3273,1659,1614,149,85,64,274,168,106,818,491,327,1509,753,756,523,162,361
4782037000,3736,1872,1864,160,84,76,315,202,113,878,504,374,1777,901,876,606,181,425
4775000000,24539,12261,12278,2066,1085,981,3126,1863,1263,6710,3678,3032,9704,4660,5044,2933,975,1958
4775025000,5108,2516,2592,610,312,298,879,494,385,1565,818,747,1587,744,843,467,148,319
4775031500,1808,906,902,97,54,43,193,121,72,468,261,207,816,402,414,234,68,166
4775032000,2461,1220,1241,147,83,64,240,138,102,618,340,278,1125,535,590,331,124,207
4775033000,2091,1046,1045,170,88,82,234,134,100,600,340,260,811,390,421,276,94,182
4775034000,2494,1238,1256,149,81,68,221,130,91,611,329,282,1192,573,619,321,125,196
4775035000,2574,1246,1328,167,92,75,220,130,90,659,360,299,1140,535,605,388,129,259
4775036000,1741,878,863,98,45,53,160,104,56,389,226,163,793,412,381,301,91,210
4775037000,6262,3211,3051,628,330,298,979,612,367,1800,1004,796,2240,1069,1171,615,196,419
4785000000,113822,59260,54562,20036,10425,9611,25294,14079,11215,40557,21891,18666,22612,11198,11414,5323,1667,3656
4785025000,32755,16404,16351,5414,2778,2636,6917,3854,3063,11505,5849,5656,7173,3379,3794,1746,544,1202
4785025300,24383,12651,11732,4852,2525,2327,5207,2873,2334,10106,5226,4880,3583,1827,1756,635,200,435
4785025600,31178,16866,14312,7889,4124,3765,9448,5091,4357,10827,6286,4541,2576,1235,1341,438,130,308
4785031000,4096,2193,1903,178,93,85,515,305,210,1111,688,423,1740,919,821,552,188,364
4785032000,5335,2719,2616,273,138,135,704,452,252,1532,837,695,2222,1124,1098,604,168,436
4785033000,3428,1861,1567,191,97,94,409,261,148,1052,613,439,1444,771,673,332,119,213
4785036000,9523,4934,4589,870,458,412,1614,971,643,3471,1856,1615,2872,1435,1437,696,214,482
4785037000,3124,1632,1492,369,212,157,480,272,208,953,536,417,1002,508,494,320,104,216
2920000000,404221,203707,200514,88721,45535,43186,111357,58118,53239,141521,71711,69810,53163,25622,27541,9459,2721,6738
2920051500,10863,5517,5346,1715,888,827,2831,1557,1274,3638,1903,1735,2278,1028,1250,401,141,260
2920052500,6558,3267,3291,678,346,332,1873,1026,847,1933,1015,918,1712,753,959,362,127,235
2920054000,15279,7720,7559,2898,1527,1371,4157,2219,1938,5091,2604,2487,2626,1209,1417,507,161,346
2920055000,4594,2327,2267,688,363,325,1095,608,487,1487,763,724,1119,528,591,205,65,140
2920056500,33035,16891,16144,7479,3828,3651,9260,4917,4343,10922,5737,5185,4623,2194,2429,751,215,536
2920058000,28905,14684,14221,4454,2303,2151,8843,4726,4117,9303,4808,4495,5308,2616,2692,997,231,766
2920060000,10884,5532,5352,1736,924,812,3052,1670,1382,3716,1826,1890,2072,1026,1046,308,86,222
2920061000,15594,7857,7737,2856,1474,1382,4073,2115,1958,5699,2862,2837,2604,1283,1321,362,123,239
2920062000,7481,3965,3516,1467,764,703,1745,962,783,2853,1580,1273,1161,590,571,255,69,186
2920062400,27459,13632,13827,5339,2721,2618,8448,4426,4022,9774,4559,5215,3389,1763,1626,509,163,346
2920062600,43297,21827,21470,8998,4630,4368,13655,7218,6437,15611,7643,7968,4312,2134,2178,721,202,519
2920063000,18457,9365,9092,4726,2421,2305,4898,2521,2377,6738,3491,3247,1824,854,970,271,78,193
2920063500,30856,15101,15755,6400,3323,3077,8455,4256,4199,11237,5501,5736,4055,1806,2249,709,215,494
2920063700,77438,38146,39292,23064,11605,11459,19377,9509,9868,28399,14154,14245,5899,2705,3194,699,173,526
2920064000,26266,13542,12724,6571,3392,3179,7380,3880,3500,9235,4777,4458,2761,1415,1346,319,78,241
2920065000,2139,1102,1037,165,80,85,279,160,119,566,344,222,806,420,386,323,98,225
2920066000,1856,950,906,112,65,47,290,169,121,472,284,188,761,377,384,221,55,166
2920067000,4064,2266,1798,264,141,123,863,532,331,1141,761,380,1384,718,666,412,114,298
2920068000,2199,1148,1051,166,86,80,308,199,109,565,349,216,822,431,391,338,83,255
2920069000,2009,1005,1004,122,64,58,269,142,127,526,322,204,738,365,373,354,112,242
2920070000,34988,17863,17125,8823,4590,4233,10206,5306,4900,12615,6428,6187,2909,1407,1502,435,132,303
2915500000,215575,103542,112033,39801,20044,19757,52745,26609,26136,67265,32558,34707,46739,21146,25593,9025,3185,5840
2915551000,7018,3211,3807,1169,575,594,1426,702,724,2103,980,1123,1877,791,1086,443,163,280
2915552000,6641,3169,3472,1157,580,577,1603,804,799,2029,995,1034,1562,685,877,290,105,185
2915553000,8912,4207,4705,1172,598,574,2014,1051,963,2667,1276,1391,2508,1092,1416,551,190,361
2915553700,13466,6310,7156,2057,1041,1016,3459,1758,1701,4120,1941,2179,3089,1322,1767,741,248,493
2915553800,28800,13461,15339,7784,3888,3896,5818,2809,3009,9922,4517,5405,4428,1965,2463,848,282,566
2915554500,5215,2689,2526,547,288,259,1251,678,573,1577,878,699,1499,715,784,341,130,211
2915560500,8836,4531,4305,1107,583,524,2213,1216,997,2587,1448,1139,2386,1101,1285,543,183,360
2915563000,8478,4366,4112,852,462,390,2151,1189,962,2537,1378,1159,2493,1175,1318,445,162,283
2915564000,6414,3197,3217,562,289,273,1638,885,753,1941,1008,933,1959,907,1052,314,108,206
2915567000,12208,5752,6456,2029,1005,1024,2844,1437,1407,3734,1789,1945,3028,1296,1732,573,225,348
2915568000,6373,3137,3236,858,434,424,1887,917,970,1804,957,847,1531,711,820,293,118,175
2915569000,21920,10608,11312,3929,2025,1904,5750,2875,2875,7057,3381,3676,4508,2091,2417,676,236,440
2915570000,8023,3985,4038,984,498,486,1923,1052,871,2432,1189,1243,2317,1094,1223,367,152,215
2915570500,29383,13696,15687,6224,2952,3272,6988,3457,3531,9655,4405,5250,5487,2472,3015,1029,410,619
2915571000,16133,7734,8399,3253,1685,1568,4348,2100,2248,4820,2316,2504,3208,1465,1743,504,168,336
2915572000,21450,10368,11082,5327,2731,2596,6340,3078,3262,6498,3135,3363,2851,1301,1550,434,123,311
2915573000,6305,3121,3184,790,410,380,1092,601,491,1782,965,817,2008,963,1045,633,182,451
2911000000,103470,51046,52424,14557,7484,7073,28278,14565,13713,29590,15060,14530,25362,11662,13700,5683,2275,3408
2911052500,4642,2362,2280,198,103,95,1928,850,1078,1091,659,432,1208,653,555,217,97,120
2911054500,3890,1965,1925,272,133,139,1291,695,596,965,512,453,1067,483,584,295,142,153
2911056000,11009,5725,5284,1587,813,774,3282,1762,1520,3258,1777,1481,2453,1213,1240,429,160,269
2911057000,9818,4774,5044,1897,999,898,2498,1298,1200,2802,1368,1434,2097,898,1199,524,211,313
2911059000,8579,4300,4279,1135,598,537,2225,1181,1044,2631,1371,1260,2096,967,1129,492,183,309
2911060000,10501,5100,5401,1396,706,690,2415,1229,1186,3119,1577,1542,2919,1307,1612,652,281,371
2911062000,4249,2146,2103,493,263,230,1337,736,601,1158,594,564,993,454,539,268,99,169
2911063000,4567,2333,2234,536,301,235,1325,736,589,1294,665,629,1101,496,605,311,135,176
2911065500,3056,1632,1424,210,92,118,1247,688,559,697,419,278,726,354,372,176,79,97
2911068500,7724,3673,4051,1267,636,631,2043,975,1068,2241,1126,1115,1796,789,1007,377,147,230
2911071000,11445,5394,6051,1471,762,709,2297,1196,1101,3174,1489,1685,3525,1538,1987,978,409,569
2911073000,7833,3793,4040,1163,615,548,1844,928,916,2322,1155,1167,2126,965,1161,378,130,248
2911074000,16157,7849,8308,2932,1463,1469,4546,2291,2255,4838,2348,2490,3255,1545,1710,586,202,384
2917000000,427114,211999,215115,73353,38145,35208,115705,60613,55092,137094,68055,69039,86107,40124,45983,14855,5062,9793
2917051000,4784,2478,2306,374,189,185,1816,884,932,1260,749,511,1119,568,551,215,88,127
2917052000,6867,3506,3361,732,373,359,2187,1175,1012,1828,971,857,1742,820,922,378,167,211
2917053000,4809,2535,2274,537,280,257,1595,878,717,1367,785,582,1096,503,593,214,89,125
2917055500,3085,1661,1424,176,94,82,874,463,411,890,540,350,938,487,451,207,77,130
2917057000,9157,4519,4638,1296,676,620,2615,1322,1293,2664,1378,1286,2209,991,1218,373,152,221
2917058000,12379,6515,5864,1178,619,559,4306,2336,1970,3521,1986,1535,2840,1366,1474,534,208,326
2917059000,38542,19207,19335,6196,3191,3005,12027,6410,5617,12114,5875,6239,7141,3343,3798,1064,388,676
2917060100,19356,9364,9992,3913,2015,1898,4671,2336,2335,6157,2855,3302,4117,1959,2158,498,199,299
2917060200,12033,6063,5970,1369,661,708,2989,1636,1353,3674,1920,1754,3404,1602,1802,597,244,353
2917060300,12663,6061,6602,2235,1166,1069,3195,1675,1520,4003,1808,2195,2787,1277,1510,443,135,308
2917061500,23375,11502,11873,4327,2280,2047,6407,3291,3116,7698,3768,3930,4331,1953,2378,612,210,402
2917062000,10290,4990,5300,993,520,473,2229,1170,1059,2934,1532,1402,3449,1556,1893,685,212,473
2917063500,5738,2868,2870,1025,506,519,1468,777,691,1774,940,834,1229,568,661,242,77,165
2917065000,20918,10293,10625,3294,1724,1570,5561,2904,2657,6331,3160,3171,4848,2210,2638,884,295,589
2917065600,15983,7756,8227,2905,1457,1448,3815,2011,1804,5330,2483,2847,3401,1635,1766,532,170,362
2917065700,15707,7473,8234,2382,1222,1160,4425,2297,2128,4848,2296,2552,3374,1415,1959,678,243,435
2917066100,7773,3872,3901,850,458,392,1887,996,891,2328,1197,1131,2284,1049,1235,424,172,252
2917066200,16037,7926,8111,2118,1098,1020,3931,2074,1857,5038,2547,2491,4277,1956,2321,673,251,422
2917066300,13400,6434,6966,1181,613,568,2804,1469,1335,3958,2012,1946,4513,2072,2441,944,268,676
2917066600,14116,7270,6846,2561,1406,1155,3859,2123,1736,4993,2481,2512,2339,1138,1201,364,122,242
2917066900,29944,14666,15278,6737,3591,3146,7511,3914,3597,11158,5170,5988,3793,1748,2045,745,243,502
2917067300,13842,6775,7067,2779,1495,1284,3564,1842,1722,4632,2124,2508,2425,1173,1252,442,141,301
2917067600,10940,5549,5391,1545,796,749,2940,1576,1364,3676,1890,1786,2410,1172,1238,369,115,254
2917067700,12523,6121,6402,1246,651,595,3321,1754,1567,3872,1924,1948,3418,1611,1807,666,181,485
2917068500,2519,1309,1210,192,106,86,453,270,183,699,394,305,935,466,469,240,73,167
2917069500,22423,11352,11071,5164,2677,2487,6068,3156,2912,7444,3817,3627,3144,1538,1606,603,164,439
2917069600,37958,19080,18878,7895,4068,3827,10882,5746,5136,12566,6309,6257,5725,2674,3051,890,283,607
2917069700,29953,14854,15099,8153,4213,3940,8305,4128,4177,10337,5144,5193,2819,1274,1545,339,95,244
2914000000,291231,142721,148510,50037,26165,23872,79576,40659,38917,96461,46982,49479,55300,25487,29813,9857,3428,6429
2914057500,3686,1848,1838,240,130,110,701,409,292,975,549,426,1422,617,805,348,143,205
2914059000,4578,2218,2360,703,385,318,990,498,492,1366,716,650,1298,545,753,221,74,147
2914065000,11008,5435,5573,1192,629,563,3171,1620,1551,3265,1706,1559,2786,1256,1530,594,224,370
2914066000,4900,2571,2329,393,231,162,1422,771,651,1461,791,670,1337,656,681,287,122,165
2914073000,8084,4155,3929,1087,569,518,1977,1051,926,2740,1481,1259,1938,936,1002,342,118,224
2914074000,10975,5601,5374,2045,1078,967,3171,1720,1451,3823,1980,1843,1597,704,893,339,119,220
2914074500,30293,14476,15817,4986,2528,2458,9668,4713,4955,10211,4787,5424,4525,2126,2399,903,322,581
2914075100,24802,12415,12387,3919,1944,1975,8194,4271,3923,7894,3976,3918,4197,2001,2196,598,223,375
2914075200,23861,11646,12215,2772,1456,1316,7373,3732,3641,7084,3576,3508,5585,2551,3034,1047,331,716
2914076000,15542,7397,8145,1835,957,878,5382,2550,2832,4481,2250,2231,3126,1365,1761,718,275,443
2914077000,20604,10308,10296,4723,2657,2066,5066,2564,2502,6611,3203,3408,3710,1706,2004,494,178,316
2914078000,10068,4964,5104,1483,809,674,2587,1396,1191,3046,1464,1582,2493,1129,1364,459,166,293
2914079000,15428,7422,8006,2511,1358,1153,3758,1985,1773,4725,2111,2614,3862,1780,2082,572,188,384
2914080000,5792,2994,2798,776,409,367,1370,730,640,1900,1014,886,1448,760,688,298,81,217
2914082100,20012,9506,10506,3206,1728,1478,4781,2442,2339,6712,3023,3689,4548,2102,2446,765,211,554
2914082400,28572,13971,14601,6594,3351,3243,7036,3650,3386,10676,5039,5637,3667,1731,1936,599,200,399
2914083000,36781,18097,18684,7669,3999,3670,9369,4793,4576,13590,6531,7059,5209,2426,2783,944,348,596
2914084000,16245,7697,8548,3903,1947,1956,3560,1764,1796,5901,2785,3116,2552,1096,1456,329,105,224
2720000000,143175,68799,74376,15272,7989,7283,36448,18695,17753,43618,21671,21947,39209,17459,21750,8628,2985,5643
2720051500,12062,5684,6378,1718,946,772,2374,1202,1172,3886,1905,1981,3170,1322,1848,914,309,605
2720053000,9158,4410,4748,821,435,386,2206,1125,1081,2915,1480,1435,2562,1149,1413,654,221,433
2720054000,12582,5987,6595,1958,961,997,2758,1440,1318,3832,1810,2022,3238,1485,1753,796,291,505
2720055000,16654,7940,8714,2083,1097,986,3788,1931,1857,5253,2561,2692,4484,1962,2522,1046,389,657
2720056000,11333,5538,5795,1165,628,537,3045,1574,1471,3520,1744,1776,3049,1392,1657,554,200,354
2720057100,10227,4847,5380,899,443,456,3217,1586,1631,2854,1434,1420,2657,1187,1470,600,197,403
2720058600,10794,5333,5461,890,487,403,2650,1406,1244,3299,1766,1533,3303,1457,1846,652,217,435
2720059000,11062,5377,5685,1040,536,504,2799,1516,1283,3296,1649,1647,3318,1496,1822,609,180,429
2720060000,6303,2982,3321,548,312,236,2046,945,1101,1744,883,861,1627,730,897,338,112,226
2720061000,9581,4597,4984,1104,547,557,2706,1362,1344,2932,1447,1485,2336,1076,1260,503,165,338
2720064000,15672,7675,7997,1571,838,733,4429,2277,2152,4877,2455,2422,3991,1811,2180,804,294,510
2720065000,9124,4317,4807,756,393,363,2401,1218,1183,2675,1306,1369,2693,1189,1504,599,211,388
2720066000,8623,4112,4511,719,366,353,2029,1113,916,2535,1231,1304,2781,1203,1578,559,199,360
2729000000,544926,268498,276428,89605,46208,43397,138002,73020,64982,186743,90321,96422,112914,53115,59799,17662,5834,11828
2729051500,23255,11272,11983,3439,1634,1805,5309,2751,2558,7531,3787,3744,6031,2795,3236,945,305,640
2729053500,14439,7062,7377,1222,627,595,4165,2068,2097,4268,2259,2009,4046,1849,2197,738,259,479
2729055000,8266,4010,4256,882,474,408,2138,1099,1039,2508,1235,1273,2291,1034,1257,447,168,279
2729055500,26706,13014,13692,4151,2087,2064,7527,3808,3719,8934,4295,4639,5425,2576,2849,669,248,421
2729056300,13595,6732,6863,1451,735,716,3971,2156,1815,4495,2172,2323,3243,1525,1718,435,144,291
2729056800,17148,8436,8712,2827,1467,1360,4445,2345,2100,6004,2881,3123,3410,1595,1815,462,148,314
2729057100,30945,15516,15429,5162,2723,2439,7976,4257,3719,11594,5550,6044,5477,2719,2758,736,267,469
2729057200,28819,14495,14324,4396,2321,2075,7719,4211,3508,10755,5114,5641,5218,2589,2629,731,260,471
2729057600,23115,11606,11509,3528,1816,1712,6446,3488,2958,8632,4125,4507,3938,1985,1953,571,192,379
2729057700,16490,8349,8141,2121,1091,1030,4467,2481,1986,5707,2734,2973,3782,1893,1889,413,150,263
2729058500,31686,16297,15389,3519,1842,1677,10527,5847,4680,10568,5428,5140,6013,2869,3144,1059,311,748
2729059000,20954,10321,10633,4199,2051,2148,5078,2636,2442,7478,3694,3784,3720,1772,1948,479,168,311
2729060100,37401,18310,19091,10991,5585,5406,7286,3634,3652,14619,7097,7522,3906,1797,2109,599,197,402
2729060200,15954,7632,8322,1615,858,757,2872,1596,1276,5049,2562,2487,5311,2290,3021,1107,326,781
2729061500,51646,25304,26342,8860,4616,4244,13438,7100,6338,17289,8096,9193,10452,4938,5514,1607,554,1053
2729061700,31789,15625,16164,10300,5276,5024,7503,3535,3968,11094,5523,5571,2635,1204,1431,257,87,170
2729062400,36263,17742,18521,6934,3717,3217,8381,4440,3941,12622,5808,6814,7179,3380,3799,1147,397,750
2729062500,19826,9831,9995,2446,1316,1130,6101,3316,2785,6239,2942,3297,4402,2061,2341,638,196,442
2729062600,11167,5350,5817,854,453,401,2047,1162,885,3305,1615,1690,4182,1923,2259,779,197,582
2729062800,35557,17211,18346,5437,2804,2633,8448,4503,3945,12033,5491,6542,8359,3994,4365,1280,419,861
2729063000,19383,9571,9812,2011,1046,965,4964,2652,2312,6248,3111,3137,5252,2441,2811,908,321,587
2729064000,18132,8698,9434,1834,926,908,4279,2305,1974,5619,2733,2886,5345,2380,2965,1055,354,701
2729065000,12390,6114,6276,1426,743,683,2915,1630,1285,4152,2069,2083,3297,1506,1791,600,166,434
2771000000,262451,133149,129302,52986,27270,25716,68888,36853,32035,85752,43751,42001,47204,22896,24308,7621,2379,5242
2771025000,47025,23342,23683,7230,3728,3502,11064,6029,5035,16234,7807,8427,10890,5231,5659,1607,547,1060
2771025300,4779,2578,2201,477,242,235,1079,628,451,1473,846,627,1423,758,665,327,104,223
2771025400,13167,6996,6171,1989,1039,950,3058,1776,1282,5294,2866,2428,2415,1201,1214,411,114,297
2771025600,51020,25177,25843,11643,5986,5657,12500,6372,6128,17667,8552,9115,8185,3921,4264,1025,346,679
2771025700,38307,19469,18838,9559,4872,4687,11525,5876,5649,12375,6461,5914,4421,2150,2271,427,110,317
2771025900,29542,14989,14553,8622,4437,4185,8057,4133,3924,9320,4791,4529,3105,1493,1612,438,135,303
2771026200,25232,12729,12503,4274,2240,2034,6292,3294,2998,7951,4072,3879,5831,2824,3007,884,299,585
2771026500,23050,12117,10933,4076,2108,1968,7331,4236,3095,6738,3610,3128,4149,1947,2202,756,216,540
2771031000,7783,3870,3913,872,465,407,1223,678,545,2211,1173,1038,2737,1334,1403,740,220,520
2771033000,3596,1941,1655,212,105,107,514,321,193,1065,644,421,1386,755,631,419,116,303
2771038000,18950,9941,9009,4032,2048,1984,6245,3510,2735,5424,2929,2495,2662,1282,1380,587,172,415
2714000000,341436,167888,173548,50203,25950,24253,83696,44485,39211,107413,53706,53707,84419,38335,46084,15705,5412,10293
2714051000,8574,4288,4286,914,500,414,1949,1102,847,2518,1328,1190,2538,1135,1403,655,223,432
2714052000,10362,4907,5455,1760,942,818,2260,1143,1117,3332,1646,1686,2447,983,1464,563,193,370
2714053000,11626,5710,5916,2010,1047,963,3245,1644,1601,3385,1698,1687,2518,1147,1371,468,174,294
2714054000,11477,5776,5701,915,491,424,3013,1618,1395,3668,1960,1708,3322,1500,1822,559,207,352
2714054100,6327,2989,3338,570,289,281,1274,707,567,1970,966,1004,2091,883,1208,422,144,278
2714055500,12925,6131,6794,1558,832,726,2908,1527,1381,4009,1960,2049,3646,1520,2126,804,292,512
2714057000,11702,5784,5918,1808,1000,808,2884,1508,1376,3906,1908,1998,2563,1174,1389,541,194,347
2714058000,7736,3873,3863,575,314,261,2486,1273,1213,2241,1217,1024,2054,942,1112,380,127,253
2714059000,13742,6835,6907,1223,685,538,3054,1694,1360,4096,2094,2002,4478,2015,2463,891,347,544
2714060000,13254,6326,6928,1560,768,792,3121,1670,1451,4085,1973,2112,3775,1654,2121,713,261,452
2714061500,4005,2133,1872,377,196,181,1003,647,356,1135,600,535,1229,601,628,261,89,172
2714062000,21335,10479,10856,4416,2227,2189,4726,2438,2288,7247,3576,3671,4275,2015,2260,671,223,448
2714064000,14472,7209,7263,1461,751,710,3295,1857,1438,4512,2292,2220,4486,2073,2413,718,236,482
2714065500,15616,7850,7766,1656,861,795,3918,2182,1736,4792,2423,2369,4449,2099,2350,801,285,516
2714067000,18792,9055,9737,2123,1103,1020,4161,2252,1909,5911,2838,3073,5533,2491,3042,1064,371,693
2714068500,15104,7576,7528,1582,836,746,3405,1907,1498,4623,2426,2197,4647,2137,2510,847,270,577
2714072000,42284,20702,21582,7039,3682,3357,10285,5389,4896,13428,6700,6728,9803,4411,5392,1729,520,1209
2714073000,11009,5521,5488,1210,627,583,2618,1440,1178,3497,1777,1720,3165,1462,1703,519,215,304
2714074200,21493,10397,11096,5001,2480,2521,5247,2614,2633,7194,3559,3635,3406,1512,1894,645,232,413
2714074700,29116,14387,14729,5239,2673,2566,7650,4068,3582,9583,4675,4908,5760,2674,3086,884,297,587
2714075500,18752,9283,9469,4456,2261,2195,6217,3107,3110,5453,2770,2683,2334,1056,1278,292,89,203
2714076000,21733,10677,11056,2750,1385,1365,4977,2698,2279,6828,3320,3508,5900,2851,3049,1278,423,855
2723000000,437008,217420,219588,73682,37985,35697,113598,60707,52891,148506,73248,75258,86516,40553,45963,14706,4927,9779
2723051000,4882,2377,2505,693,335,358,1242,652,590,1439,763,676,1268,552,716,240,75,165
2723052600,23463,11273,12190,4292,2124,2168,6385,3119,3266,7425,3651,3774,4378,2016,2362,983,363,620
2723055000,4103,2191,1912,357,197,160,910,537,373,1290,701,589,1337,694,643,209,62,147
2723056000,18811,9045,9766,4317,2174,2143,4542,2205,2337,6447,3126,3321,2972,1327,1645,533,213,320
2723057000,19909,9608,10301,3827,1975,1852,4483,2272,2211,6824,3253,3571,4014,1838,2176,761,270,491
2723061000,9205,4573,4632,644,349,295,1667,969,698,2840,1528,1312,3389,1504,1885,665,223,442
2723062000,10848,5299,5549,1410,711,699,2727,1508,1219,3532,1654,1878,2748,1293,1455,431,133,298
2723063000,8998,4686,4312,690,354,336,3653,2083,1570,2227,1201,1026,2034,913,1121,394,135,259
2723063100,8408,4401,4007,732,404,328,2247,1336,911,2470,1328,1142,2521,1163,1358,438,170,268
2723064500,17759,8951,8808,2179,1088,1091,4794,2783,2011,5400,2778,2622,4417,1975,2442,969,327,642
2723067100,7552,4147,3405,491,270,221,3383,2032,1351,1977,1061,916,1468,700,768,233,84,149
2723067200,30640,15196,15444,5483,2838,2645,8400,4523,3877,10218,4852,5366,5707,2696,3011,832,287,545
2723068000,6472,3215,3257,642,325,317,1436,832,604,1975,1013,962,2041,925,1116,378,120,258
2723069500,36441,18564,17877,7150,3701,3449,8741,4586,4155,13291,6886,6405,6409,3099,3310,850,292,558
2723071500,36550,18215,18335,7467,3834,3633,9559,4938,4621,12315,6180,6135,6386,3022,3364,823,241,582
2723072500,22089,11087,11002,2854,1505,1349,6444,3482,2962,7135,3503,3632,4811,2295,2516,845,302,543
2723073500,24451,12041,12410,3783,2008,1775,6290,3360,2930,8337,3987,4350,5236,2402,2834,805,284,521
2723074500,35072,17240,17832,7000,3581,3419,8447,4465,3982,13432,6409,7023,5309,2521,2788,884,264,620
2723075000,16469,8321,8148,2204,1145,1059,3858,2188,1670,5741,2849,2892,3985,1932,2053,681,207,474
2723077000,26862,13311,13551,3967,2113,1854,7391,3978,3413,8962,4210,4752,5590,2704,2886,952,306,646
2723078000,27904,13541,14363,6120,3174,2946,6712,3452,3260,10973,5131,5842,3417,1564,1853,682,220,462
2723079000,11583,6040,5543,1132,570,562,2728,1558,1170,3708,1999,1709,3566,1741,1825,449,172,277
2723080000,28537,14098,14439,6248,3210,3038,7559,3849,3710,10548,5185,5363,3513,1677,1836,669,177,492
2717000000,164528,82241,82287,16886,8749,8137,36612,20371,16241,53621,27828,25793,49251,22572,26679,8158,2721,5437
2717051000,8419,4153,4266,740,412,328,2197,1190,1007,2610,1285,1325,2452,1123,1329,420,143,277
2717052500,9788,4718,5070,768,400,368,2129,1142,987,3078,1613,1465,3196,1363,1833,617,200,417
2717054000,16631,8030,8601,1794,913,881,4230,2314,1916,5132,2432,2700,4715,2107,2608,760,264,496
2717055000,9721,4961,4760,904,469,435,1952,1136,816,3301,1787,1514,3048,1396,1652,516,173,343
2717056500,9263,4590,4673,730,393,337,1725,974,751,2838,1550,1288,3290,1464,1826,680,209,471
2717058000,9798,4790,5008,896,457,439,2127,1181,946,3231,1641,1590,3056,1359,1697,488,152,336
2717059000,6095,3110,2985,458,235,223,1181,678,503,1929,1079,850,2130,969,1161,397,149,248
2717060000,7647,3765,3882,654,355,299,1603,909,694,2540,1289,1251,2417,1059,1358,433,153,280
2717061000,10002,5311,4691,866,447,419,2114,1214,900,3334,1931,1403,3187,1552,1635,501,167,334
2717062000,7823,3928,3895,730,361,369,1708,986,722,2551,1373,1178,2382,1068,1314,452,140,312
2717063000,8028,3919,4109,1155,574,581,1766,942,824,2607,1290,1317,2195,1001,1194,305,112,193
2717064000,9905,5000,4905,868,475,393,2151,1200,951,3302,1716,1586,3096,1452,1644,488,157,331
2717065000,18034,8954,9080,2433,1238,1195,4322,2331,1991,6027,3050,2977,4581,2124,2457,671,211,460
2717066000,1739,915,824,157,89,68,378,220,158,576,304,272,548,265,283,80,37,43
2717066100,3939,2126,1813,318,167,151,828,501,327,1310,740,570,1298,660,638,185,58,127
2717067500,20072,10107,9965,2787,1475,1312,4602,2544,2058,6726,3356,3370,5251,2500,2751,706,232,474
2717069500,7624,3864,3760,628,289,339,1599,909,690,2529,1392,1137,2409,1110,1299,459,164,295
2726000000,417097,201689,215408,77721,40609,37112,94587,48894,45693,144717,67952,76765,83381,38331,45050,16691,5903,10788
2726051000,16731,7945,8786,3801,1844,1957,3746,1798,1948,5878,2784,3094,2723,1276,1447,583,243,340
2726052000,15579,7569,8010,2797,1434,1363,4181,2085,2096,5296,2500,2796,2799,1345,1454,506,205,301
2726053000,16171,7760,8411,3873,1895,1978,3969,1927,2042,5869,2841,3028,2077,958,1119,383,139,244
2726054000,19961,9793,10168,6123,3272,2851,3195,1590,1605,7971,3788,4183,2232,991,1241,440,152,288
2726055000,22788,11097,11691,4058,2127,1931,5168,2700,2468,7602,3591,4011,4921,2277,2644,1039,402,637
2726056000,10944,5421,5523,1517,828,689,2927,1589,1338,3602,1709,1893,2393,1112,1281,505,183,322
2726056100,19735,10311,9424,5021,3152,1869,3704,2046,1658,7786,3678,4108,2707,1243,1464,517,192,325
2726057000,18024,8287,9737,3290,1539,1751,3622,1841,1781,6156,2847,3309,3938,1689,2249,1018,371,647
2726058000,11899,5783,6116,2661,1376,1285,2278,1123,1155,4212,2079,2133,2303,1035,1268,445,170,275
2726059000,14625,6813,7812,2142,1055,1087,3376,1719,1657,4933,2219,2714,3406,1542,1864,768,278,490
2726060100,23873,11430,12443,5992,3037,2955,4482,2265,2217,8939,4181,4758,3763,1710,2053,697,237,460
2726060200,10815,5211,5604,1323,650,673,3001,1509,1492,3551,1760,1791,2494,1111,1383,446,181,265
2726061000,11020,5517,5503,1407,753,654,2819,1482,1337,3663,1871,1792,2620,1216,1404,511,195,316
2726062000,16318,7903,8415,2192,1147,1045,3854,2012,1842,5222,2509,2713,4222,1950,2272,828,285,543
2726063000,12574,6031,6543,1909,998,911,2596,1349,1247,3891,1859,2032,3519,1589,1930,659,236,423
2726064000,14144,6903,7241,1931,978,953,4119,2124,1995,4944,2369,2575,2712,1275,1437,438,157,281
2726065100,21893,10424,11469,2626,1447,1179,5316,2844,2472,7082,3244,3838,5676,2496,3180,1193,393,800
2726065200,18714,8825,9889,2739,1400,1339,4226,2186,2040,6247,2822,3425,4548,2084,2464,954,333,621
2726066100,11318,5140,6178,929,458,471,2143,1150,993,3277,1537,1740,4017,1743,2274,952,252,700
2726066200,17173,8318,8855,3109,1618,1491,3827,2020,1807,5899,2705,3194,3797,1805,1992,541,170,371
2726067000,30751,14869,15882,6604,3387,3217,6911,3567,3344,11091,5073,6018,5189,2502,2687,956,340,616
2726068000,28776,14297,14479,5447,2914,2533,7191,3852,3339,9658,4554,5104,5419,2595,2824,1061,382,679
2726069000,33271,16042,17229,6230,3300,2930,7936,4116,3820,11948,5432,6516,5906,2787,3119,1251,407,844
2711000000,74791,35948,38843,10005,5110,4895,21955,10911,11044,21629,10854,10775,17225,7667,9558,3977,1406,2571
2711051700,8053,4039,4014,716,348,368,2497,1301,1196,2258,1239,1019,2074,962,1112,508,189,319
2711054500,6587,3123,3464,776,388,388,3027,1447,1580,1588,795,793,979,416,563,217,77,140
2711056500,4851,2332,2519,355,185,170,2186,1035,1151,1100,583,517,969,448,521,241,81,160
2711057500,4368,2204,2164,295,145,150,1347,718,629,1148,623,525,1292,614,678,286,104,182
2711058500,4791,2408,2383,777,387,390,1444,729,715,1349,712,637,1030,519,511,191,61,130
2711059500,7857,3827,4030,1346,702,644,2029,1013,1016,2393,1182,1211,1749,800,949,340,130,210
2711064000,4792,2295,2497,511,258,253,1480,725,755,1358,693,665,1193,542,651,250,77,173
2711065000,6507,3100,3407,1132,539,593,1910,917,993,1927,977,950,1253,566,687,285,101,184
2711066000,6678,3083,3595,1048,554,494,1505,741,764,2109,1011,1098,1639,664,975,377,113,264
2711067000,11485,5358,6127,1819,981,838,2461,1238,1223,3602,1689,1913,2922,1227,1695,681,223,458
2711068000,6919,3232,3687,1048,518,530,1690,831,859,2201,1053,1148,1514,634,880,466,196,270
2711069000,1903,947,956,182,105,77,379,216,163,596,297,299,611,275,336,135,54,81
3023000000,175046,88989,86057,26305,13558,12747,44038,24241,19797,59483,30318,29165,38725,18679,20046,6495,2193,4302
3023051000,14506,7698,6808,1553,835,718,3854,2163,1691,4521,2479,2042,4009,2009,2000,569,212,357
3023052000,6944,3662,3282,723,395,328,1566,868,698,2339,1296,1043,1998,1004,994,318,99,219
3023052500,12271,6224,6047,1544,786,758,2582,1421,1161,3971,2094,1877,3490,1690,1800,684,233,451
3023053300,16215,8068,8147,2435,1274,1161,3740,2037,1703,5574,2738,2836,3856,1792,2064,610,227,383
3023054300,27150,13388,13762,5521,2760,2761,6563,3468,3095,10321,4925,5396,4033,1984,2049,712,251,461
3023054600,19567,10162,9405,2440,1284,1156,5194,2914,2280,6718,3541,3177,4544,2185,2359,671,238,433
3023055000,12825,6636,6189,1653,866,787,3282,1877,1405,4143,2170,1973,3174,1527,1647,573,196,377
3023056000,16303,8347,7956,3414,1769,1645,4679,2439,2240,5271,2717,2554,2534,1282,1252,405,140,265
3023057000,13725,7295,6430,1863,969,894,3780,2202,1578,4661,2548,2113,2881,1377,1504,540,199,341
3023058000,6474,3516,2958,982,490,492,1940,1165,775,2322,1275,1047,1068,538,530,162,48,114
3023060000,13100,6186,6914,1839,913,926,3259,1717,1542,4262,2021,2241,3163,1384,1779,577,151,426
3023061000,15966,7807,8159,2338,1217,1121,3599,1970,1629,5380,2514,2866,3975,1907,2068,674,199,475
3011000000,222222,111953,110269,33630,17435,16195,55333,29508,25825,69726,36273,33453,53445,25228,28217,10088,3509,6579
3011051500,4545,2546,1999,245,113,132,691,410,281,1347,893,454,1895,1002,893,367,128,239
3011053000,24722,12149,12573,5642,2891,2751,5259,2702,2557,8431,4181,4250,4623,2102,2521,767,273,494
3011054500,11997,5855,6142,1691,886,805,2804,1440,1364,3665,1845,1820,3220,1443,1777,617,241,376
3011055100,12393,6074,6319,1685,906,779,2930,1559,1371,3818,1876,1942,3250,1494,1756,710,239,471
3011055200,8517,4151,4366,604,313,291,1452,830,622,2419,1320,1099,3226,1446,1780,816,242,574
3011056000,21942,11053,10889,3496,1787,1709,6314,3367,2947,6837,3458,3379,4588,2201,2387,707,240,467
3011058500,14919,7469,7450,2755,1453,1302,3598,1869,1729,4751,2415,2336,3183,1508,1675,632,224,408
3011059000,10652,5626,5026,1084,535,549,3874,2173,1701,2795,1554,1241,2461,1193,1268,438,171,267
3011062000,13687,7038,6649,1813,916,897,3324,1823,1501,4284,2315,1969,3610,1743,1867,656,241,415
3011063000,18244,9152,9092,2580,1355,1225,4811,2534,2277,5893,3017,2876,4219,1995,2224,741,251,490
3011064000,20496,10522,9974,2473,1268,1205,6968,3751,3217,6363,3358,3005,4083,1934,2149,609,211,398
3011066500,11954,5941,6013,1739,905,834,2688,1421,1267,3756,1952,1804,3187,1470,1717,584,193,391
3011067000,11065,5598,5467,1301,697,604,3384,1762,1622,3338,1768,1570,2578,1211,1367,464,160,304
3011069500,14088,7170,6918,1958,1002,956,2803,1540,1263,4556,2425,2131,3982,1905,2077,789,298,491
3011072500,2415,1252,1163,190,88,102,336,202,134,691,398,293,905,474,431,293,90,203
3011074000,20586,10357,10229,4374,2320,2054,4097,2125,1972,6782,3498,3284,4435,2107,2328,898,307,591
3017000000,473365,232714,240651,84010,43275,40735,137560,70295,67265,153058,74161,78897,84875,40128,44747,13862,4855,9007
3017051000,22354,11019,11335,4983,2526,2457,5243,2655,2588,7705,3744,3961,3844,1867,1977,579,227,352
3017052000,15318,7776,7542,1665,880,785,4135,2299,1836,4415,2288,2127,4361,2030,2331,742,279,463
3017053000,17328,8728,8600,2162,1148,1014,4284,2343,1941,5207,2664,2543,4850,2248,2602,825,325,500
3017053500,16123,7848,8275,2391,1275,1116,3613,1885,1728,5243,2467,2776,4193,1989,2204,683,232,451
3017054000,16015,8138,7877,2116,1135,981,4072,2206,1866,5026,2581,2445,4116,1946,2170,685,270,415
3017055000,12267,5859,6408,1154,595,559,4633,2260,2373,3395,1704,1691,2598,1133,1465,487,167,320
3017055500,27284,13108,14176,3965,2093,1872,10101,4868,5233,8651,4097,4554,3935,1834,2101,632,216,416
3017056000,19227,9399,9828,2316,1174,1142,8150,4020,4130,5352,2657,2695,2975,1378,1597,434,170,264
3017057000,11775,5728,6047,1779,906,873,2958,1515,1443,3711,1810,1901,2861,1311,1550,466,186,280
3017057500,23750,11352,12398,4369,2129,2240,5802,2948,2854,7866,3717,4149,4913,2247,2666,800,311,489
3017058100,21613,11032,10581,2668,1426,1242,7763,4250,3513,6383,3137,3246,4239,2019,2220,560,200,360
3017058200,24860,12437,12423,3310,1619,1691,9707,5108,4599,7702,3793,3909,3634,1749,1885,507,168,339
3017058600,11234,5997,5237,854,450,404,4825,2693,2132,3346,1809,1537,1943,959,984,266,86,180
3017058700,14706,6973,7733,2002,1006,996,3237,1712,1525,4615,2151,2464,3927,1858,2069,925,246,679
3017058800,21196,10408,10788,4304,2268,2036,5218,2727,2491,7093,3240,3853,4051,2002,2049,530,171,359
3017059000,44248,21766,22482,10858,5558,5300,12264,5990,6274,14383,7108,7275,5934,2821,3113,809,289,520
3017059600,15563,7415,8148,2773,1446,1327,4739,2293,2446,5034,2307,2727,2535,1202,1333,482,167,315
3017059700,49843,24335,25508,11890,6074,5816,14268,7098,7170,17042,8243,8799,5756,2660,3096,887,260,627
3017060000,3689,1898,1791,250,137,113,529,295,234,1054,604,450,1351,697,654,505,165,340
3017063000,16784,8272,8512,4894,2552,2342,2823,1366,1457,6453,3111,3342,2173,1063,1110,441,180,261
3017064000,35669,17273,18396,7159,3696,3463,10636,5189,5447,12327,5748,6579,4899,2419,2480,648,221,427
3017065000,12758,6406,6352,2172,1102,1070,4310,2359,1951,4241,2006,2235,1781,856,925,254,83,171
3017066000,19761,9547,10214,3976,2080,1896,4250,2216,2034,6814,3175,3639,4006,1840,2166,715,236,479
3020000000,351277,177463,173814,70947,36639,34308,107114,56803,50311,114695,56785,57910,50540,24675,25865,7981,2561,5420
3020052000,25118,12867,12251,4299,2295,2004,6038,3290,2748,8886,4571,4315,4974,2420,2554,921,291,630
3020052600,17045,8798,8247,3060,1559,1501,5412,2965,2447,5360,2637,2723,2882,1526,1356,331,111,220
3020052700,22014,10731,11283,5716,2917,2799,5184,2531,2653,7685,3657,4028,3051,1506,1545,378,120,258
3020053000,26734,13788,12946,1857,959,898,12065,6355,5710,7310,3884,3426,4688,2316,2372,814,274,540
3020054000,40014,20802,19212,6456,3287,3169,14904,8450,6454,11271,5574,5697,6466,3176,3290,917,315,602
3020054600,21827,10843,10984,5087,2645,2442,5874,3004,2870,7535,3684,3851,2815,1332,1483,516,178,338
3020054700,24367,11976,12391,5563,2863,2700,6033,3070,2963,8615,4167,4448,3470,1638,1832,686,238,448
3020054800,37318,18289,19029,9273,4726,4547,9491,4674,4817,12804,6223,6581,5070,2426,2644,680,240,440
3020055000,26086,13661,12425,5683,2967,2716,9373,5158,4215,7710,3934,3776,2837,1457,1380,483,145,338
3020057000,27016,13848,13168,5621,2909,2712,8737,4835,3902,8622,4158,4464,3447,1779,1668,589,167,422
3020058000,27291,13968,13323,5249,2696,2553,8072,4429,3643,9302,4775,4527,3871,1831,2040,797,237,560
3020060000,28750,14685,14065,7449,3869,3580,7603,3980,3623,10431,5264,5167,2907,1476,1431,360,96,264
3020061000,27697,13207,14490,5634,2947,2687,8328,4062,4266,9164,4257,4907,4062,1792,2270,509,149,360
3014000000,230341,113507,116834,34831,17915,16916,55021,28195,26826,74073,37502,36571,55319,25835,29484,11097,4060,7037
3014053500,15644,8034,7610,1825,882,943,5006,2506,2500,4916,2768,2148,3334,1677,1657,563,201,362
3014055000,14379,6880,7499,3799,1907,1892,2960,1396,1564,5314,2597,2717,1942,844,1098,364,136,228
3014056000,12527,6084,6443,1722,885,837,2722,1451,1271,4123,2048,2075,3271,1471,1800,689,229,460
3014057500,13752,6815,6937,1919,1026,893,4357,2122,2235,4075,2128,1947,2826,1316,1510,575,223,352
3014060500,4699,2455,2244,457,254,203,923,519,404,1407,818,589,1538,732,806,374,132,242
3014062000,15622,7859,7763,1747,901,846,3275,1798,1477,4754,2491,2263,4984,2358,2626,862,311,551
3014063000,5474,2652,2822,415,240,175,1677,795,882,1442,766,676,1549,694,855,391,157,234
3014064000,6748,3406,3342,713,398,315,1487,801,686,2059,1078,981,2040,964,1076,449,165,284
3014065500,9465,4585,4880,1210,565,645,3066,1515,1551,2783,1455,1328,1950,892,1058,456,158,298
3014067000,10577,4980,5597,1389,684,705,2847,1406,1441,3222,1539,1683,2476,1126,1350,643,225,418
3014068000,13291,6446,6845,2628,1329,1299,2922,1488,1434,4595,2245,2350,2641,1208,1433,505,176,329
3014069000,25613,12313,13300,4768,2443,2325,5162,2633,2529,8653,4118,4535,5830,2653,3177,1200,466,734
3014070000,6555,3427,3128,640,362,278,1731,941,790,2051,1128,923,1817,884,933,316,112,204
3014071000,13711,6783,6928,1788,927,861,3307,1718,1589,4120,2086,2034,3737,1762,1975,759,290,469
3014072000,22378,10793,11585,4567,2382,2185,5120,2470,2650,7419,3568,3851,4343,2008,2335,929,365,564
3014073000,12631,6125,6506,1612,849,763,2766,1524,1242,4108,1989,2119,3353,1486,1867,792,277,515
3014074000,27275,13870,13405,3632,1881,1751,5693,3112,2581,9032,4680,4352,7688,3760,3928,1230,437,793
2644000000,142918,74047,68871,32657,16813,15844,39386,20494,18892,43273,23439,19834,24274,12215,12059,3328,1086,2242
2644051000,6556,3593,2963,448,226,222,1137,663,474,1847,1093,754,2655,1445,1210,469,166,303
2644052000,7090,3986,3104,935,507,428,1719,1073,646,1971,1165,806,2075,1107,968,390,134,256
2644053000,4220,2264,1956,196,105,91,656,408,248,1116,639,477,1946,1022,924,306,90,216
2644053500,53087,26708,26379,14394,7286,7108,17499,8607,8892,14951,7878,7073,5639,2743,2896,604,194,410
2644054500,30409,15173,15236,9317,4814,4503,6903,3267,3636,10354,5283,5071,3488,1689,1799,347,120,227
2644055000,2345,1251,1094,108,59,49,367,218,149,623,370,253,1020,530,490,227,74,153
2644056000,35270,19002,16268,7003,3686,3317,10438,5845,4593,11181,6332,4849,5934,2918,3016,714,221,493
2644058000,3941,2070,1871,256,130,126,667,413,254,1230,679,551,1517,761,756,271,87,184
2641000000,228049,111513,116536,29304,15081,14223,56193,29976,26217,70279,34193,36086,61636,28523,33113,10637,3740,6897
2641051000,5315,2747,2568,319,179,140,889,530,359,1700,957,743,2028,951,1077,379,130,249
2641052000,9218,4600,4618,738,372,366,1962,1056,906,2856,1487,1369,3233,1540,1693,429,145,284
2641053000,11231,5607,5624,833,417,416,2301,1302,999,3467,1799,1668,4011,1863,2148,619,226,393
2641055500,7885,4154,3731,595,318,277,1482,841,641,2409,1328,1081,2981,1518,1463,418,149,269
2641057000,8244,3968,4276,687,355,332,1589,872,717,2428,1259,1169,2972,1298,1674,568,184,384
2641058000,17983,8579,9404,2480,1284,1196,4622,2344,2278,5702,2677,3025,4403,2005,2398,776,269,507
2641059000,15789,7605,8184,2362,1202,1160,4039,2102,1937,4957,2357,2600,3730,1710,2020,701,234,467
2641059100,12839,6182,6657,1285,692,593,2865,1525,1340,3917,1911,2006,4173,1844,2329,599,210,389
2641060000,18053,9415,8638,2005,980,1025,7889,4599,3290,4368,2189,2179,3202,1424,1778,589,223,366
2641061000,26706,12886,13820,5013,2703,2310,6685,3328,3357,8426,4049,4377,5495,2436,3059,1087,370,717
2641063500,2331,1249,1082,163,99,64,416,239,177,687,374,313,871,464,407,194,73,121
2641066500,9733,4762,4971,1146,600,546,1928,1060,868,2879,1370,1509,3161,1479,1682,619,253,366
2641067000,28867,14072,14795,2983,1521,1462,7278,3923,3355,8841,4266,4575,8300,3830,4470,1465,532,933
2641068000,19695,9357,10338,3203,1588,1615,4614,2346,2268,6563,3047,3516,4574,2140,2434,741,236,505
2641069000,33114,15829,17285,5307,2677,2630,7487,3834,3653,10763,4965,5798,8162,3858,4304,1395,495,900
2641070000,1046,501,545,185,94,91,147,75,72,316,158,158,340,163,177,58,11,47
2671000000,177125,87691,89434,36328,18659,17669,40956,20972,19984,58139,29677,28462,35348,16291,19057,6354,2092,4262
2671025000,52846,25761,27085,7262,3800,3462,11797,6247,5550,17397,8653,8744,13677,6169,7508,2713,892,1821
2671025300,8608,4632,3976,805,431,374,2057,1230,827,2459,1429,1030,2651,1357,1294,636,185,451
2671025600,81932,40501,41431,22321,11484,10837,18852,9170,9682,27914,14313,13601,11183,4953,6230,1662,581,1081
2671031000,25817,12779,13038,5162,2561,2601,6938,3568,3370,8043,4046,3997,4899,2367,2532,775,237,538
2671033000,7922,4018,3904,778,383,395,1312,757,555,2326,1236,1090,2938,1445,1493,568,197,371
2629000000,262069,127955,134114,39138,20071,19067,62336,32466,29870,82642,40959,41683,66620,30276,36344,11333,4183,7150
2629051000,15794,7975,7819,1387,695,692,5375,3008,2367,4236,2187,2049,4034,1757,2277,762,328,434
2629053000,32729,16000,16729,5749,2978,2771,10490,5301,5189,10239,4969,5270,5370,2428,2942,881,324,557
2629054000,12382,6067,6315,1897,999,898,2791,1425,1366,3713,1902,1811,3369,1513,1856,612,228,384
2629055000,17004,8156,8848,2399,1245,1154,4741,2297,2444,5079,2504,2575,4064,1814,2250,721,296,425
2629056000,15382,7396,7986,3286,1654,1632,3643,1793,1850,5056,2437,2619,2942,1331,1611,455,181,274
2629057000,44281,21254,23027,8249,4162,4087,8671,4412,4259,15413,7289,8124,10228,4743,5485,1720,648,1072
2629058000,16850,8240,8610,3107,1589,1518,3274,1709,1565,5475,2688,2787,4377,2052,2325,617,202,415
2629059000,12228,5915,6313,1318,663,655,2404,1322,1082,3701,1839,1862,4152,1869,2283,653,222,431
2629060000,8542,4107,4435,1114,574,540,1872,969,903,2642,1302,1340,2543,1122,1421,371,140,231
2629061000,8249,4152,4097,1241,639,602,1828,1019,809,2725,1369,1356,2130,1001,1129,325,124,201
2629062000,12970,6623,6347,1499,796,703,2659,1514,1145,4004,2121,1883,4139,1948,2191,669,244,425
2629063000,6768,3318,3450,735,392,343,1228,674,554,2096,1113,983,2283,975,1308,426,164,262
2629064500,12818,6321,6497,1429,758,671,2397,1314,1083,3802,1971,1831,4436,2023,2413,754,255,499
2629068000,13577,6610,6967,1844,961,883,2855,1496,1359,4485,2223,2262,3758,1714,2044,635,216,419
2629069000,8564,4213,4351,720,376,344,2557,1267,1290,2417,1305,1112,2327,1086,1241,543,179,364
2629070000,15632,7566,8066,2381,1181,1200,3821,1998,1823,5017,2465,2552,3773,1694,2079,640,228,412
2629071000,8299,4042,4257,783,409,374,1730,948,782,2542,1275,1267,2695,1206,1489,549,204,345
2617000000,87679,42877,44802,8788,4600,4188,20678,10632,10046,25871,13612,12259,26788,12197,14591,5554,1836,3718
2617051000,5027,2532,2495,431,222,209,1297,674,623,1548,872,676,1471,673,798,280,91,189
2617052000,5701,2826,2875,385,206,179,1181,637,544,1685,944,741,2025,895,1130,425,144,281
2617053000,13029,6331,6698,2018,1068,950,4577,2133,2444,3828,1950,1878,2217,1058,1159,389,122,267
2617055000,5953,2908,3045,533,286,247,1053,596,457,1764,929,835,2077,933,1144,526,164,362
2617056000,4160,2022,2138,484,256,228,879,467,412,1234,638,596,1307,563,744,256,98,158
2617057000,9819,4654,5165,918,464,454,2241,1136,1105,2846,1432,1414,3186,1414,1772,628,208,420
2617059000,3902,1921,1981,283,159,124,638,359,279,1102,621,481,1499,665,834,380,117,263
2617060000,5306,2535,2771,478,243,235,917,510,407,1543,799,744,1937,848,1089,431,135,296
2617064500,10783,5231,5552,997,520,477,2339,1237,1102,3154,1611,1543,3542,1604,1938,751,259,492
2617065000,11789,5821,5968,900,455,445,2443,1349,1094,3404,1816,1588,4157,1914,2243,885,287,598
2617066000,7862,3951,3911,762,402,360,2085,1039,1046,2474,1306,1168,2190,1069,1121,351,135,216
2617068000,4348,2145,2203,599,319,280,1028,495,533,1289,694,595,1180,561,619,252,76,176
2626000000,266866,129681,137185,43248,22436,20812,62844,32167,30677,85837,41523,44314,64869,29864,35005,10068,3691,6377
2626051000,32558,15792,16766,5296,2767,2529,7928,4075,3853,10273,4941,5332,7817,3563,4254,1244,446,798
2626052000,9523,4638,4885,897,473,424,1815,998,817,2810,1429,1381,3301,1499,1802,700,239,461
2626054500,24724,12141,12583,5792,3110,2682,5238,2564,2674,8712,4241,4471,4266,1956,2310,716,270,446
2626055000,20551,9724,10827,2238,1117,1121,6692,3177,3515,6313,3079,3234,4469,2033,2436,839,318,521
2626056000,14933,7155,7778,2241,1128,1113,3081,1638,1443,4535,2159,2376,4201,1904,2297,875,326,549
2626057000,38542,18849,19693,5271,2756,2515,10479,5368,5111,12050,5815,6235,9412,4365,5047,1330,545,785
2626058000,10614,5095,5519,1760,875,885,2546,1311,1235,3373,1648,1725,2451,1073,1378,484,188,296
2626059000,27315,13166,14149,6434,3157,3277,5575,2818,2757,10018,4761,5257,4750,2265,2485,538,165,373
2626060000,17447,8662,8785,3303,1879,1424,3599,1808,1791,5818,2904,2914,4113,1847,2266,614,224,390
2626074000,14560,7167,7393,1704,919,785,3239,1720,1519,4404,2188,2216,4523,2076,2447,690,264,426
2626075000,27185,13233,13952,4529,2323,2206,5996,3166,2830,8861,4195,4666,6877,3242,3635,922,307,615
2626076100,14048,6804,7244,1969,970,999,3101,1603,1498,4280,2088,2192,4131,1927,2204,567,216,351
2626076200,14866,7255,7611,1814,962,852,3555,1921,1634,4390,2075,2315,4558,2114,2444,549,183,366
2623000000,353159,170181,182978,44131,22366,21765,98009,48656,49353,106737,52926,53811,88970,40901,48069,15312,5332,9980
2623051000,15902,7948,7954,1172,597,575,6163,2959,3204,4209,2332,1877,3726,1834,1892,632,226,406
2623052000,9930,4953,4977,1101,559,542,3652,1842,1810,3013,1554,1459,1910,916,994,254,82,172
2623054000,20607,9736,10871,3179,1594,1585,4298,2199,2099,6501,3073,3428,5658,2507,3151,971,363,608
2623055000,22133,10680,11453,2831,1525,1306,4515,2331,2184,6731,3345,3386,6769,3019,3750,1287,460,827
2623056000,20028,9427,10601,2563,1281,1282,5215,2545,2670,6377,3061,3316,4938,2224,2714,935,316,619
2623057000,11985,5483,6502,1000,496,504,5091,2171,2920,3103,1590,1513,2323,1048,1275,468,178,290
2623060000,21776,10418,11358,2696,1356,1340,8832,4176,4656,5759,2896,2863,3751,1720,2031,738,270,468
2623061000,20853,9761,11092,2009,1026,983,6347,3034,3313,5889,2847,3042,5555,2471,3084,1053,383,670
2623064000,22999,11228,11771,3755,1948,1807,5593,2774,2819,7544,3745,3799,5298,2486,2812,809,275,534
2623066000,17437,8571,8866,2891,1467,1424,3463,1855,1608,6022,2929,3093,4406,2090,2316,655,230,425
2623067000,23065,11013,12052,2944,1474,1470,5062,2689,2373,7490,3580,3910,6399,2914,3485,1170,356,814
2623068000,10274,4898,5376,1391,705,686,2875,1405,1470,2952,1446,1506,2639,1177,1462,417,165,252
2623070000,11323,5535,5788,1495,754,741,2460,1309,1151,3805,1877,1928,3053,1431,1622,510,164,346
2623071000,19224,9624,9600,2002,996,1006,5170,2800,2370,5810,3036,2774,5398,2505,2893,844,287,557
2623072000,16844,8179,8665,2305,1160,1145,3844,2023,1821,5132,2482,2650,4805,2212,2593,758,302,456
2623074000,16724,8024,8700,2130,1055,1075,5732,2714,3018,4874,2481,2393,3405,1559,1846,583,215,368
2623075000,10948,5343,5605,1368,672,696,2601,1406,1195,3334,1652,1682,3096,1421,1675,549,192,357
2623076000,28813,13899,14914,4132,2099,2033,6760,3460,3300,9143,4383,4760,7606,3590,4016,1172,367,805
2623077000,11965,5630,6335,955,457,498,4788,2222,2566,3185,1618,1567,2545,1161,1384,492,172,320
2623078000,20329,9831,10498,2212,1145,1067,5548,2742,2806,5864,2999,2865,5690,2616,3074,1015,329,686
2632000000,283211,139795,143416,40785,21107,19678,69344,36684,32660,92221,44566,47655,70833,34143,36690,10028,3295,6733
2632051000,16096,8116,7980,1621,798,823,4399,2363,2036,4948,2537,2411,4513,2205,2308,615,213,402
2632052000,25270,12934,12336,2963,1565,1398,6424,3517,2907,8243,4175,4068,6791,3375,3416,849,302,547
2632052100,19686,10142,9544,2207,1174,1033,4657,2661,1996,6876,3490,3386,5341,2597,2744,605,220,385
2632053000,37959,18342,19617,4881,2526,2355,7977,4274,3703,12199,5800,6399,10699,5100,5599,2203,642,1561
2632054100,41610,20378,21232,8221,4223,3998,10624,5363,5261,14476,6661,7815,7566,3908,3658,723,223,500
2632054200,17112,8349,8763,2564,1322,1242,4514,2392,2122,5628,2604,3024,3828,1847,1981,578,184,394
2632054300,29748,14538,15210,6193,3210,2983,6925,3509,3416,10669,5051,5618,5116,2441,2675,845,327,518
2632055000,11116,5488,5628,858,436,422,2616,1453,1163,3218,1638,1580,3728,1732,1996,696,229,467
2632056000,12011,5974,6037,981,502,479,3257,1795,1462,3603,1815,1788,3635,1698,1937,535,164,371
2632056100,10765,5266,5499,1011,536,475,2415,1310,1105,3317,1700,1617,3462,1554,1908,560,166,394
2632057100,16664,8182,8482,2437,1257,1180,4827,2474,2353,4867,2333,2534,4090,1976,2114,443,142,301
2632057200,26504,13007,13497,4437,2283,2154,6240,3216,3024,8420,4086,4334,6627,3158,3469,780,264,516
2632057300,18670,9079,9591,2411,1275,1136,4469,2357,2112,5757,2676,3081,5437,2552,2885,596,219,377
2653000000,208298,105034,103264,25677,13254,12423,51938,27832,24106,67392,34406,32986,56192,27217,28975,7099,2325,4774
2653058000,5808,3099,2709,502,267,235,1179,665,514,1879,1082,797,1966,991,975,282,94,188
2653059100,27998,13961,14037,3391,1756,1635,6770,3608,3162,8904,4448,4456,7993,3827,4166,940,322,618
2653059300,10412,4977,5435,643,330,313,1490,865,625,3189,1770,1419,4221,1794,2427,869,218,651
2653060000,8683,4440,4243,1072,559,513,1947,1104,843,2904,1527,1377,2432,1138,1294,328,112,216
2653061000,12921,6545,6376,1593,820,773,3048,1632,1416,4178,2098,2080,3709,1857,1852,393,138,255
2653062000,22414,11602,10812,2018,1065,953,7634,3909,3725,6781,3658,3123,5442,2781,2661,539,189,350
2653064500,13318,7058,6260,1134,599,535,3070,1735,1335,4333,2411,1922,4258,2124,2134,523,189,334
2653065000,15160,7740,7420,1975,1027,948,3738,2023,1715,4971,2476,2495,4006,2038,1968,470,176,294
2653066000,23075,11542,11533,3142,1589,1553,6932,3630,3302,7103,3549,3554,5175,2515,2660,723,259,464
2653066100,13154,6438,6716,1712,883,829,3195,1714,1481,4111,1964,2147,3605,1698,1907,531,179,352
2653067000,28294,14129,14165,3895,2028,1867,6402,3469,2933,9491,4730,4761,7606,3619,3987,900,283,617
2653068000,27061,13503,13558,4600,2331,2269,6533,3478,3055,9548,4693,4855,5779,2835,2944,601,166,435
2638000000,306003,152197,153806,42840,22105,20735,73139,39061,34078,97958,49084,48874,80304,38005,42299,11762,3942,7820
2638051000,19535,9381,10154,2534,1324,1210,4323,2269,2054,5975,2832,3143,5660,2613,3047,1043,343,700
2638052000,14022,6868,7154,1902,955,947,2951,1560,1391,4365,2208,2157,4175,1932,2243,629,213,416
2638053000,12474,5965,6509,1227,639,588,2827,1483,1344,3668,1841,1827,4093,1782,2311,659,220,439
2638054000,12258,5950,6308,1654,844,810,2709,1433,1276,3783,1830,1953,3569,1632,1937,543,211,332
2638055000,26557,12977,13580,3755,1945,1810,6135,3204,2931,8445,3998,4447,7219,3478,3741,1003,352,651
2638056100,21531,10739,10792,2758,1383,1375,6315,3416,2899,6524,3209,3315,5191,2461,2730,743,270,473
2638056200,25356,12632,12724,3302,1668,1634,8309,4532,3777,7510,3698,3812,5485,2464,3021,750,270,480
2638057100,16925,8750,8175,2145,1139,1006,3780,2123,1657,5542,2975,2567,4774,2292,2482,684,221,463
2638057200,15747,7879,7868,2301,1203,1098,4121,2173,1948,5223,2575,2648,3677,1781,1896,425,147,278
2638058000,10720,5551,5169,1787,927,860,2394,1278,1116,3687,2043,1644,2523,1200,1323,329,103,226
2638059000,27335,13882,13453,4123,2164,1959,6796,3664,3132,9144,4644,4500,6567,3173,3394,705,237,468
2638060100,38840,19440,19400,6601,3420,3181,8423,4447,3976,13273,6631,6642,9142,4496,4646,1401,446,955
2638060200,27296,13411,13885,3894,1989,1905,5652,3036,2616,9059,4417,4642,7490,3597,3893,1201,372,829
2638061000,12900,6586,6314,2327,1246,1081,3756,1941,1815,4028,2085,1943,2533,1235,1298,256,79,177
2638062000,18576,9142,9434,2187,1097,1090,3751,1968,1783,5935,3013,2922,5881,2786,3095,822,278,544
2638063000,5931,3044,2887,343,162,181,897,534,363,1797,1085,712,2325,1083,1242,569,180,389
2614000000,105164,50853,54311,12392,6396,5996,23580,11725,11855,31254,16132,15122,31547,14377,17170,6391,2223,4168
2614051000,5614,2744,2870,715,383,332,1368,707,661,1688,874,814,1491,661,830,352,119,233
2614052000,7333,3563,3770,748,382,366,1355,718,637,2195,1124,1071,2460,1115,1345,575,224,351
2614053000,7702,3614,4088,919,455,464,2059,985,1074,2163,1080,1083,2117,938,1179,444,156,288
2614054000,13712,6456,7256,2183,1133,1050,3425,1595,1830,4244,2072,2172,3177,1421,1756,683,235,448
2614056000,8120,3724,4396,1383,678,705,1737,812,925,2588,1206,1382,2019,907,1112,393,121,272
2614057000,7758,3737,4021,1365,726,639,1680,823,857,2460,1187,1273,1882,869,1013,371,132,239
2614059000,7517,3548,3969,934,481,453,2398,1086,1312,2070,1047,1023,1774,816,958,341,118,223
2614061500,6607,3350,3257,358,196,162,1206,643,563,1865,1091,774,2554,1209,1345,624,211,413
2614063000,4271,2164,2107,262,123,139,693,397,296,1286,745,541,1634,783,851,396,116,280
2614064000,9896,4717,5179,959,487,472,2518,1188,1330,2915,1509,1406,2973,1334,1639,531,199,332
2614065000,4870,2464,2406,306,161,145,853,463,390,1412,801,611,1915,897,1018,384,142,242
2614066000,8992,4480,4512,747,404,343,1475,815,660,2672,1473,1199,3451,1578,1873,647,210,437
2614068000,12772,6292,6480,1513,787,726,2813,1493,1320,3696,1923,1773,4100,1849,2251,650,240,410
2650000000,175095,82609,92486,21302,10959,10343,47228,23134,24094,52092,24913,27179,46307,20559,25748,8166,3044,5122
2650066000,13853,6376,7477,1841,913,928,3403,1664,1739,4442,2055,2387,3424,1472,1952,743,272,471
2650067000,12091,5665,6426,1991,1028,963,2446,1228,1218,4060,1809,2251,3081,1415,1666,513,185,328
2650073000,14651,7012,7639,1216,639,577,3369,1716,1653,4107,2079,2028,4973,2206,2767,986,372,614
2650074000,27404,13078,14326,3527,1822,1705,6163,3136,3027,7959,3811,4148,8250,3725,4525,1505,584,921
2650075000,10703,5270,5433,1370,738,632,2424,1314,1110,3345,1665,1680,3111,1380,1731,453,173,280
2650076000,25866,12031,13835,2635,1400,1235,9257,4278,4979,7021,3340,3681,5940,2636,3304,1013,377,636
2650077000,18688,8676,10012,2250,1132,1118,5660,2697,2963,5544,2641,2903,4418,1895,2523,816,311,505
2650078000,9597,4534,5063,644,316,328,3475,1640,1835,2461,1244,1217,2592,1175,1417,425,159,266
2650079000,13715,6207,7508,1850,938,912,3690,1735,1955,4216,1896,2320,3296,1401,1895,663,237,426
2650080000,28527,13760,14767,3978,2033,1945,7341,3726,3615,8937,4373,4564,7222,3254,3968,1049,374,675
2647000000,207144,99761,107383,30206,15397,14809,51214,25859,25355,65093,31423,33670,52188,23938,28250,8443,3144,5299
2647061000,29232,14122,15110,5887,3081,2806,6081,3057,3024,10162,4827,5335,6035,2713,3322,1067,444,623
2647062000,12232,5817,6415,2546,1196,1350,2435,1209,1226,4253,2056,2197,2587,1204,1383,411,152,259
2647063000,9988,4734,5254,1129,603,526,2150,1071,1079,2888,1399,1489,3097,1390,1707,724,271,453
2647064000,10429,5120,5309,1615,865,750,2230,1193,1037,3392,1608,1784,2751,1301,1450,441,153,288
2647065000,16775,8186,8589,2512,1325,1187,3972,2052,1920,5247,2523,2724,4433,2048,2385,611,238,373
2647066000,20674,9944,10730,3215,1604,1611,5777,2877,2900,6213,3020,3193,4655,2147,2508,814,296,518
2647067000,9160,4440,4720,1005,522,483,2151,1141,1010,2686,1307,1379,2879,1311,1568,439,159,280
2647068000,16154,7798,8356,1514,748,766,4176,2104,2072,4799,2395,2404,4911,2254,2657,754,297,457
2647069000,16588,7924,8664,1369,701,668,6552,3010,3542,4679,2377,2302,3463,1620,1843,525,216,309
2647070000,16699,8051,8648,1991,1018,973,4022,2115,1907,4829,2421,2408,4924,2162,2762,933,335,598
2647072000,14138,6875,7263,2285,1145,1140,3281,1666,1615,4571,2257,2314,3558,1658,1900,443,149,294
2647073000,35075,16750,18325,5138,2589,2549,8387,4364,4023,11374,5233,6141,8895,4130,4765,1281,434,847
2620000000,110638,54471,56167,11916,6058,5858,21718,11823,9895,33150,17210,15940,36895,17047,19848,6959,2333,4626
2620053000,10846,5417,5429,876,458,418,2109,1139,970,3234,1789,1445,3854,1772,2082,773,259,514
2620054000,3995,1919,2076,381,189,192,762,394,368,1171,592,579,1420,646,774,261,98,163
2620055000,8287,4014,4273,862,443,419,1634,895,739,2389,1176,1213,2833,1293,1540,569,207,362
2620058500,8321,4183,4138,631,339,292,1295,733,562,2448,1426,1022,3167,1434,1733,780,251,529
2620059000,6741,3329,3412,681,350,331,1313,712,601,1961,1046,915,2319,1074,1245,467,147,320
2620060500,7911,3849,4062,1015,491,524,1630,856,774,2418,1267,1151,2389,1067,1322,459,168,291
2620063000,6113,2993,3120,707,371,336,1091,573,518,1855,972,883,2067,949,1118,393,128,265
2620064000,17625,8719,8906,2273,1168,1105,3488,1900,1588,5504,2785,2719,5433,2545,2888,927,321,606
2620065000,27532,13450,14082,3391,1686,1705,5945,3220,2725,8458,4152,4306,8316,3922,4394,1422,470,952
2620066000,3354,1778,1576,323,168,155,832,510,322,888,503,385,1135,535,600,176,62,114
2620067000,9913,4820,5093,776,395,381,1619,891,728,2824,1502,1322,3962,1810,2152,732,222,510
2611000000,40524,19755,20769,2989,1527,1462,10316,5247,5069,11840,6225,5615,12880,5899,6981,2499,857,1642
2611051000,2937,1405,1532,96,53,43,1472,632,840,705,391,314,560,289,271,104,40,64
2611052000,2675,1361,1314,159,74,85,522,289,233,780,424,356,991,488,503,223,86,137
2611053000,6252,2926,3326,536,257,279,1563,780,783,1852,922,930,1938,852,1086,363,115,248
2611054500,10521,5084,5437,842,429,413,2620,1320,1300,3156,1640,1516,3258,1468,1790,645,227,418
2611056000,4511,2144,2367,278,154,124,1011,524,487,1310,671,639,1617,708,909,295,87,208
2611057000,974,496,478,61,31,30,183,101,82,275,145,130,373,187,186,82,32,50
2611058000,915,529,386,36,19,17,120,72,48,295,195,100,411,228,183,53,15,38
2611059000,4693,2403,2290,347,182,165,1486,798,688,1328,740,588,1287,605,682,245,78,167
2611060000,7046,3407,3639,634,328,306,1339,731,608,2139,1097,1042,2445,1074,1371,489,177,312
2635000000,396438,190624,205814,64015,32994,31021,91970,46589,45381,133381,63524,69857,91355,42154,49201,15717,5363,10354
2635051000,22426,10657,11769,2750,1384,1366,5744,2852,2892,7152,3383,3769,5835,2668,3167,945,370,575
2635052000,30613,14578,16035,5846,3022,2824,7004,3402,3602,10530,4906,5624,6154,2861,3293,1079,387,692
2635052500,28855,13655,15200,6071,3073,2998,6084,2889,3195,9832,4534,5298,5895,2772,3123,973,387,586
2635053000,27743,13323,14420,4701,2455,2246,6941,3403,3538,9626,4572,5054,5498,2530,2968,977,363,614
2635054000,15944,7607,8337,2399,1207,1192,3843,1901,1942,5527,2650,2877,3669,1670,1999,506,179,327
2635055100,18104,8425,9679,3145,1632,1513,4810,2255,2555,6320,2894,3426,3074,1377,1697,755,267,488
2635055200,32065,14775,17290,4773,2435,2338,9424,4465,4959,10571,4698,5873,6074,2751,3323,1223,426,797
2635055300,16150,7585,8565,2790,1430,1360,3513,1811,1702,5400,2436,2964,3570,1597,1973,877,311,566
2635055400,23142,10982,12160,4603,2373,2230,5261,2621,2640,8176,3723,4453,4225,1963,2262,877,302,575
2635056000,9916,4784,5132,961,523,438,2332,1262,1070,3032,1492,1540,3033,1340,1693,558,167,391
2635057000,34538,17047,17491,6525,3398,3127,7567,3916,3651,12237,5882,6355,7144,3491,3653,1065,360,705
2635058000,12677,6167,6510,1049,528,521,2828,1582,1246,3947,1996,1951,4146,1842,2304,707,219,488
2635059000,8559,4200,4359,661,365,296,1690,974,716,2671,1372,1299,2986,1314,1672,551,175,376
2635059500,16083,7937,8146,2730,1410,1320,3851,2007,1844,5462,2630,2832,3637,1770,1867,403,120,283
2635061000,13816,6920,6896,1014,508,506,2628,1522,1106,4243,2303,1940,4916,2235,2681,1015,352,663
2635062000,23270,11315,11955,2199,1166,1033,4109,2287,1822,7030,3618,3412,8379,3785,4594,1553,459,1094
2635065000,37812,18588,19224,8702,4505,4197,8497,4264,4233,13319,6441,6878,6514,3104,3410,780,274,506
2635066000,24725,12079,12646,3096,1580,1516,5844,3176,2668,8306,3994,4312,6606,3084,3522,873,245,628
1168000000,533042,255047,277995,93867,48768,45099,148436,69444,78992,179685,86218,93467,96094,44581,51513,14960,6036,8924
1168051000,15993,7415,8578,2477,1251,1226,4270,1922,2348,5292,2453,2839,3210,1447,1763,744,342,402
1168052100,22073,10381,11692,1495,715,780,9802,4519,5283,6601,3265,3336,3575,1629,1946,600,253,347
1168053100,21018,9821,11197,2297,1176,1121,7661,3466,4195,6731,3238,3493,3720,1690,2030,609,251,358
1168054500,26305,12187,14118,4753,2315,2438,5978,2688,3290,8748,4098,4650,5611,2538,3073,1215,548,667
1168056500,25684,11987,13697,4185,2232,1953,7535,3289,4246,8558,3981,4577,4676,2168,2508,730,317,413
1168058000,12878,6334,6544,2027,1128,899,3569,1785,1784,4227,2002,2225,2648,1244,1404,407,175,232
1168059000,30436,14560,15876,5850,3184,2666,8665,3934,4731,10898,5174,5724,4343,1967,2376,680,301,379
1168060000,24165,12151,12014,7111,3954,3157,3775,1779,1996,9666,4663,5003,3168,1552,1616,445,203,242
1168061000,36507,18483,18024,8098,4704,3394,7651,3857,3794,13372,6286,7086,6683,3333,3350,703,303,400
1168063000,19815,9364,10451,3095,1648,1447,6529,3044,3485,7193,3325,3868,2619,1174,1445,379,173,206
1168064000,35587,17285,18302,2362,1182,1180,17465,8177,9288,10330,5330,5000,4720,2278,2442,710,318,392
1168065000,36072,16914,19158,8154,3921,4233,9177,3983,5194,13682,6733,6949,4384,1973,2411,675,304,371
1168065500,21405,10133,11272,4029,1905,2124,5747,2641,3106,7209,3478,3731,3844,1874,1970,576,235,341
1168065600,33163,15400,17763,7488,3478,4010,7050,3082,3968,11857,5549,6308,5803,2836,2967,965,455,510
1168066000,6470,3147,3323,950,492,458,1336,647,689,1942,942,1000,1938,942,996,304,124,180
1168067000,27874,13524,14350,5851,2972,2879,6765,3255,3510,9701,4628,5073,5031,2468,2563,526,201,325
1168069000,23710,11480,12230,3929,1967,1962,6853,3384,3469,7941,3830,4111,4488,2097,2391,499,202,297
1168070000,43232,20426,22806,8559,4293,4266,11369,5272,6097,13870,6714,7156,7880,3626,4254,1554,521,1033
1168072000,23260,11482,11778,5309,3014,2295,5194,2555,2639,8093,3790,4303,4142,1955,2187,522,168,354
1168073000,15073,7386,7687,1774,962,812,4268,2213,2055,4385,2188,2197,3992,1820,2172,654,203,451
1168074000,17518,8479,9039,2907,1684,1223,4248,2152,2096,5616,2730,2886,4189,1749,2440,558,164,394
1168075000,14804,6708,8096,1167,591,576,3529,1800,1729,3773,1821,1952,5430,2221,3209,905,275,630
1174000000,462664,227002,235662,73171,38323,34848,131564,64737,66827,146620,72655,73965,98100,46480,51620,13209,4807,8402
1174051500,32794,15740,17054,6657,3456,3201,8201,3997,4204,10072,4865,5207,6823,3077,3746,1041,345,696
1174052500,38834,19154,19680,9082,4661,4421,9738,4668,5070,12830,6363,6467,6597,3262,3335,587,200,387
1174052600,10166,4773,5393,2161,1088,1073,2897,1320,1577,3071,1497,1574,1666,736,930,371,132,239
1174053000,25856,12589,13267,4603,2399,2204,6982,3496,3486,8195,3939,4256,5383,2510,2873,693,245,448
1174054000,17524,8590,8934,3587,1926,1661,4182,2026,2156,5771,2715,3056,3577,1787,1790,407,136,271
1174055000,24301,12344,11957,6199,3435,2764,5028,2493,2535,8633,4328,4305,3891,1901,1990,550,187,363
1174056000,22177,11169,11008,4490,2353,2137,5921,2931,2990,7162,3662,3500,4125,2039,2086,479,184,295
1174057000,34486,17114,17372,4510,2302,2208,9654,5047,4607,11301,5671,5630,7892,3685,4207,1129,409,720
1174058000,15197,7367,7830,2376,1216,1160,4673,2261,2412,4651,2298,2353,3071,1415,1656,426,177,249
1174059000,17898,8763,9135,3777,1949,1828,4236,2025,2211,5926,2907,3019,3512,1706,1806,447,176,271
1174060000,26738,13123,13615,2982,1538,1444,7587,3881,3706,8405,4187,4218,6823,3185,3638,941,332,609
1174061000,33154,16280,16874,3322,1734,1588,11006,5364,5642,10132,5159,4973,7613,3627,3986,1081,396,685
1174062000,26564,12924,13640,2466,1297,1169,9336,4319,5017,7869,4067,3802,6045,2935,3110,848,306,542
1174064000,19915,9611,10304,3154,1627,1527,5876,2875,3001,6287,3006,3281,4044,1878,2166,554,225,329
1174065000,23534,11614,11920,2105,1077,1028,7947,3911,4036,7012,3586,3426,5650,2706,2944,820,334,486
1174066000,23079,11326,11753,2864,1607,1257,6979,3564,3415,7475,3609,3866,5080,2294,2786,681,252,429
1174068500,45653,22299,23354,5142,2696,2446,14339,7039,7300,14020,6971,7049,10783,5096,5687,1369,497,872
1174069000,133,75,58,9,5,4,29,17,12,44,22,22,42,25,17,9,6,3
1174070000,24661,12147,12514,3685,1957,1728,6953,3503,3450,7764,3803,3961,5483,2616,2867,776,268,508
1130500000,299182,145705,153477,34944,17979,16965,78121,39478,38643,95623,48118,47505,76476,34698,41778,14018,5432,8586
1130553400,23629,11783,11846,3021,1597,1424,5885,3079,2806,7694,3915,3779,6008,2802,3206,1021,390,631
1130553500,21504,10342,11162,1935,1015,920,6495,3076,3419,6581,3303,3278,5474,2555,2919,1019,393,626
1130554500,29478,14165,15313,3366,1659,1707,8056,3992,4064,9460,4668,4792,7392,3357,4035,1204,489,715
1130555500,26380,13093,13287,2483,1259,1224,6545,3385,3160,8520,4414,4106,7512,3528,3984,1320,507,813
1130557500,31361,15054,16307,6660,3401,3259,6879,3309,3570,11359,5568,5791,5494,2450,3044,969,326,643
1130559500,18353,9271,9082,1596,828,768,5765,2964,2801,5810,3088,2722,4426,2077,2349,756,314,442
1130560300,15847,7664,8183,1606,852,754,3842,2028,1814,4938,2483,2455,4619,2001,2618,842,300,542
1130560800,16846,7893,8953,2101,1063,1038,3445,1777,1668,5223,2575,2648,5113,2108,3005,964,370,594
1130561500,20639,10195,10444,2196,1114,1082,5744,2956,2788,6357,3255,3102,5368,2483,2885,974,387,587
1130562500,21278,10174,11104,2343,1229,1114,5393,2700,2693,6705,3292,3413,5634,2489,3145,1203,464,739
1130563500,22983,11464,11519,1809,960,849,7426,3800,3626,7115,3701,3414,5638,2584,3054,995,419,576
1130564500,20542,9935,10607,2378,1239,1139,5086,2555,2531,6395,3196,3199,5523,2473,3050,1160,472,688
1130566000,30342,14672,15670,3450,1763,1687,7560,3857,3703,9466,4660,4806,8275,3791,4484,1591,601,990
1150000000,574315,276292,298023,80163,40895,39268,183483,88540,94943,173674,85485,88189,118787,55082,63705,18208,6290,11918
1150051000,41637,20144,21493,8353,4276,4077,12761,5919,6842,13494,6627,6867,6231,3029,3202,798,293,505
1150052000,24239,11243,12996,2454,1313,1141,11165,4929,6236,6311,3087,3224,3450,1598,1852,859,316,543
1150053000,20303,9914,10389,2739,1502,1237,6505,3255,3250,6231,2961,3270,4254,1998,2256,574,198,376
1150053500,30544,14486,16058,3517,1810,1707,8338,4249,4089,8859,4154,4705,8031,3725,4306,1799,548,1251
1150054000,51801,25174,26627,4776,2426,2350,20024,9847,10177,14624,7356,7268,10947,5015,5932,1430,530,900
1150055000,17840,8662,9178,2413,1202,1211,5382,2746,2636,5805,2860,2945,3775,1682,2093,465,172,293
1150056000,21525,10297,11228,2781,1448,1333,6375,3056,3319,6399,3068,3331,5267,2485,2782,703,240,463
1150057000,20532,10038,10494,2335,1215,1120,6021,3114,2907,6505,3235,3270,4968,2215,2753,703,259,444
1150059000,34202,16579,17623,4269,2222,2047,12342,6125,6217,10210,5052,5158,6521,2872,3649,860,308,552
1150059100,24869,12024,12845,2704,1464,1240,8697,4156,4541,7411,3623,3788,5367,2545,2822,690,236,454
1150059300,24383,11751,12632,2700,1384,1316,7831,3965,3866,7456,3605,3851,5683,2519,3164,713,278,435
1150060300,34115,15594,18521,3363,1728,1635,16853,7023,9830,8705,4359,4346,4613,2280,2333,581,204,377
1150060400,14026,6618,7408,884,452,432,3871,1866,2005,3372,1642,1730,4958,2388,2570,941,270,671
1150060500,15040,6975,8065,1202,593,609,4656,2264,2392,3999,2009,1990,4359,1874,2485,824,235,589
1150061100,36416,17215,19201,7858,3875,3983,8621,4172,4449,12711,6037,6674,6280,2798,3482,946,333,613
1150061500,42923,20534,22389,8988,4425,4563,10291,4873,5418,14990,7232,7758,7727,3636,4091,927,368,559
1150062000,30842,15537,15305,5565,2860,2705,9608,4882,4726,9242,4800,4442,5551,2672,2879,876,323,553
1150063000,42932,20924,22008,8044,4002,4042,11127,5420,5707,13826,6923,6903,8687,4148,4539,1248,431,817
1150064000,23355,11527,11828,2576,1335,1241,7108,3613,3495,6736,3492,3244,5874,2723,3151,1061,364,697
1150064100,22791,11056,11735,2642,1363,1279,5907,3066,2841,6788,3363,3425,6244,2880,3364,1210,384,826
1162000000,485699,243991,241708,46900,24021,22879,193710,99945,93765,132568,69020,63548,96610,44640,51970,15911,6365,9546
1162052500,24412,12014,12398,2526,1293,1233,8834,4508,4326,6693,3351,3342,5463,2514,2949,896,348,548
1162054500,15118,7358,7760,2294,1189,1105,4286,2144,2142,4723,2366,2357,3143,1402,1741,672,257,415
1162056500,29209,14091,15118,4645,2410,2235,7411,3712,3699,9617,4714,4903,6406,2846,3560,1130,409,721
1162057500,28931,14040,14891,2348,1190,1158,13480,6548,6932,7021,3578,3443,5268,2381,2887,814,343,471
1162058500,16847,8462,8385,1378,683,695,9054,4570,4484,3628,1931,1697,2359,1111,1248,428,167,261
1162059500,35422,17083,18339,2731,1343,1388,18550,8872,9678,7754,3969,3785,5520,2538,2982,867,361,506
1162060500,33156,16152,17004,4512,2335,2177,10479,5132,5347,9917,5037,4880,7114,3203,3911,1134,445,689
1162061500,15106,7266,7840,939,481,458,7456,3513,3943,3426,1774,1652,2798,1298,1500,487,200,287
1162062500,25799,12553,13246,2482,1288,1194,10769,5318,5451,6923,3464,3459,4846,2163,2683,779,320,459
1162063000,18085,8720,9365,1668,835,833,7574,3712,3862,4760,2313,2447,3554,1612,1942,529,248,281
1162064500,22593,11696,10897,1444,750,694,10982,5964,5018,5476,2845,2631,4059,1883,2176,632,254,378
1162065500,17840,9032,8808,1295,643,652,7515,4075,3440,4591,2400,2191,3761,1662,2099,678,252,426
1162066500,23062,12713,10349,1732,890,842,10040,5901,4139,6225,3548,2677,4372,2100,2272,693,274,419
1162068500,22560,11345,11215,1776,943,833,9833,5051,4782,5976,3041,2935,4298,2011,2287,677,299,378
1162069500,22365,11802,10563,814,413,401,14450,7569,6881,4290,2484,1806,2436,1167,1269,375,169,206
1162071500,15298,7475,7823,2486,1251,1235,3487,1723,1764,5406,2744,2662,3382,1546,1836,537,211,326
1162072500,17338,8728,8610,1408,713,695,7274,3596,3678,4640,2475,2165,3439,1698,1741,577,246,331
1162073500,23385,14101,9284,1583,804,779,10734,6757,3977,6689,4388,2301,3722,1867,1855,657,285,372
1162074500,21902,10976,10926,2141,1129,1012,5003,2763,2240,6992,3625,3367,6541,3004,3537,1225,455,770
1162076500,30512,14950,15562,3790,1920,1870,8902,4490,4412,9359,4680,4679,7413,3448,3965,1048,412,636
1162077500,26759,13434,13325,2908,1518,1390,7597,4027,3570,8462,4293,4169,6716,3186,3530,1076,410,666
1121500000,339996,164058,175938,42518,21684,20834,116331,56001,60330,104271,51223,53048,66085,31021,35064,10791,4129,6662
1121571000,23138,11037,12101,1051,502,549,14673,6736,7937,4194,2310,1884,2727,1287,1440,493,202,291
1121573000,19591,9689,9902,1773,928,845,8088,3981,4107,5303,2737,2566,3804,1818,1986,623,225,398
1121574000,15496,7510,7986,1417,737,680,5769,2713,3056,4535,2338,2197,3293,1523,1770,482,199,283
1121575000,21428,10105,11323,2370,1190,1180,7585,3518,4067,6432,3091,3341,4418,2061,2357,623,245,378
1121576000,16135,7995,8140,1555,818,737,5255,2674,2581,5021,2518,2503,3720,1775,1945,584,210,374
1121577000,28577,13991,14586,3102,1645,1457,8490,4283,4207,9151,4455,4696,6886,3255,3631,948,353,595
1121578000,11301,5211,6090,1030,534,496,4850,2149,2701,3053,1479,1574,2011,903,1108,357,146,211
1121581000,34665,16787,17878,8403,4336,4067,7537,3542,3995,13063,6249,6814,4651,2262,2389,1011,398,613
1121582000,22285,10822,11463,2353,1220,1133,7911,3906,4005,6859,3407,3452,4430,1997,2433,732,292,440
1121583000,24632,11937,12695,3240,1676,1564,7354,3606,3748,7924,3817,4107,5378,2555,2823,736,283,453
1121584000,28073,13418,14655,4729,2327,2402,7832,3782,4050,9151,4350,4801,5314,2557,2757,1047,402,645
1121584700,17957,8942,9015,1524,750,774,5676,2926,2750,5397,2824,2573,4651,2180,2471,709,262,447
1121585000,21542,10254,11288,1845,922,923,8906,4241,4665,6185,3042,3143,3930,1796,2134,676,253,423
1121586000,26522,12797,13725,3927,2011,1916,7388,3667,3721,8800,4276,4524,5526,2515,3011,881,328,553
1121587000,28654,13563,15091,4199,2088,2111,9017,4277,4740,9203,4330,4873,5346,2537,2809,889,331,558
1153000000,396754,195537,201217,55158,28244,26914,114774,57422,57352,123477,62192,61285,89461,42280,47181,13884,5399,8485
1153051000,36049,17517,18532,7009,3553,3456,10355,4924,5431,11676,5720,5956,6154,2991,3163,855,329,526
1153052000,20827,10196,10631,3669,1915,1754,6404,3115,3289,6539,3211,3328,3761,1779,1982,454,176,278
1153053000,23802,12016,11786,2148,1123,1025,5969,3194,2775,7809,4104,3705,6675,3115,3560,1201,480,721
1153054000,23529,12087,11442,2530,1297,1233,9060,4774,4286,7029,3811,3218,4200,1936,2264,710,269,441
1153055000,19667,9534,10133,1740,902,838,5661,2806,2855,6090,3101,2989,5199,2339,2860,977,386,591
1153056000,29212,14185,15027,3197,1635,1562,10588,4992,5596,8516,4315,4201,5994,2878,3116,917,365,552
1153059500,8958,4900,4058,510,272,238,2891,1656,1235,2755,1587,1168,2398,1246,1152,404,139,265
1153072000,22337,11119,11218,3056,1553,1503,5841,3045,2796,7110,3564,3546,5521,2665,2856,809,292,517
1153073000,26631,13205,13426,3770,1921,1849,6520,3344,3176,8805,4382,4423,6453,3132,3321,1083,426,657
1153074000,33775,16854,16921,4428,2218,2210,9446,4888,4558,10492,5289,5203,8192,3957,4235,1217,502,715
1153075000,30894,15051,15843,4201,2139,2062,7904,3942,3962,9523,4716,4807,8144,3797,4347,1122,457,665
1153076000,20222,9831,10391,2413,1213,1200,5137,2640,2497,6448,3163,3285,5386,2497,2889,838,318,520
1153077000,22540,10945,11595,2325,1163,1162,8404,3970,4434,6141,3168,2973,4842,2324,2518,828,320,508
1153078000,38456,18495,19961,6861,3506,3355,9374,4605,4769,12238,5981,6257,8556,3848,4708,1427,555,872
1153079000,23506,11591,11915,3307,1776,1531,6154,3138,3016,7554,3676,3878,5708,2708,3000,783,293,490
1153080000,16349,8011,8338,3994,2058,1936,5066,2389,2677,4752,2404,2348,2278,1068,1210,259,92,167
1154500000,230811,116527,114284,25631,13075,12556,73772,38576,35196,70986,36436,34550,52538,25409,27129,7884,3031,4853
1154551000,23669,12863,10806,1301,631,670,12611,6697,5914,5660,3425,2235,3631,1918,1713,466,192,274
1154561000,44873,22990,21883,5595,2828,2767,17457,9076,8381,12929,6834,6095,7800,3792,4008,1092,460,632
1154562000,18706,9465,9241,1934,1033,901,5302,2794,2508,6162,3137,3025,4681,2265,2416,627,236,391
1154563000,24152,12106,12046,2180,1113,1067,7515,3939,3576,7599,3826,3773,5993,2898,3095,865,330,535
1154564000,15142,7591,7551,1515,766,749,4193,2187,2006,5020,2530,2490,3918,1902,2016,496,206,290
1154567000,32826,16326,16500,3817,2017,1800,9495,4878,4617,10463,5243,5220,7810,3715,4095,1241,473,768
1154568000,21228,10210,11018,3506,1738,1768,4704,2371,2333,7026,3366,3660,5133,2426,2707,859,309,550
1154569000,10800,5368,5432,1166,572,594,2725,1472,1253,3411,1689,1722,3050,1469,1581,448,166,282
1154570000,20249,10030,10219,2396,1228,1168,5118,2662,2456,6570,3211,3359,5379,2627,2752,786,302,484
1154571000,19166,9578,9588,2221,1149,1072,4652,2500,2152,6146,3175,2971,5143,2397,2746,1004,357,647
1135000000,510956,246053,264903,80970,41934,39036,133094,67183,65911,168799,81022,87777,108043,49135,58908,20050,6779,13271
1135056000,21602,11149,10453,2685,1426,1259,6255,3532,2723,6692,3422,3270,5096,2419,2677,874,350,524
1135057000,26568,12794,13774,3573,1845,1728,6132,3157,2975,8599,4254,4345,6986,3129,3857,1278,409,869
1135058000,29885,14266,15619,4152,2161,1991,7888,3925,3963,9171,4454,4717,7331,3270,4061,1343,456,887
1135059500,36610,17849,18761,4419,2266,2153,11593,5769,5824,10936,5469,5467,8398,3876,4522,1264,469,795
1135060000,40374,19690,20684,7237,3745,3492,12176,6059,6117,12681,6102,6579,7126,3363,3763,1154,421,733
1135061100,26562,12728,13834,3978,2196,1782,7023,3658,3365,8866,4127,4739,5569,2423,3146,1126,324,802
1135061200,21977,10476,11501,4058,2098,1960,5388,2679,2709,7687,3627,4060,4028,1815,2213,816,257,559
1135061900,23955,11659,12296,5835,2988,2847,4831,2417,2414,9308,4371,4937,3359,1669,1690,622,214,408
1135062100,26778,13002,13776,7380,3884,3496,4830,2343,2487,10822,5117,5705,3151,1482,1669,595,176,419
1135062400,19928,9584,10344,3214,1721,1493,4359,2215,2144,6882,3340,3542,4519,1982,2537,954,326,628
1135062500,34196,15690,18506,4824,2392,2432,8203,4043,4160,11042,5282,5760,8230,3386,4844,1897,587,1310
1135063000,38126,18451,19675,5335,2741,2594,9766,4934,4832,12372,5891,6481,9136,4322,4814,1517,563,954
1135064000,19980,9889,10091,2665,1322,1343,5418,2802,2616,6765,3345,3420,4404,2155,2249,728,265,463
1135066500,26166,13003,13163,3291,1749,1542,5931,3154,2777,8403,4230,4173,7139,3349,3790,1402,521,881
1135067000,23940,11607,12333,2952,1514,1438,5882,3099,2783,7879,3842,4037,6065,2770,3295,1162,382,780
1135069500,32641,15088,17553,5133,2657,2476,9184,4361,4823,10892,4955,5937,6187,2721,3466,1245,394,851
1135070000,22547,10816,11731,4167,2134,2033,7377,3646,3731,6813,3296,3517,3541,1523,2018,649,217,432
1135071000,20444,9656,10788,3187,1634,1553,5367,2743,2624,6846,3121,3725,4234,1901,2333,810,257,553
1135072000,18677,8656,10021,2885,1461,1424,5491,2647,2844,6143,2777,3366,3544,1580,1964,614,191,423
1132000000,317366,154487,162879,41355,21382,19973,80742,41106,39636,102162,49741,52421,78849,36880,41969,14258,5378,8880
1132051100,24706,11732,12974,3473,1761,1712,6470,3197,3273,8121,3884,4237,5535,2478,3057,1107,412,695
1132051200,29099,14173,14926,3770,1955,1815,8028,4024,4004,9553,4689,4864,6606,3046,3560,1142,459,683
1132051300,13836,6920,6916,1708,903,805,3319,1740,1579,4577,2345,2232,3603,1677,1926,629,255,374
1132051400,26496,12755,13741,4147,2144,2003,6805,3377,3428,9031,4268,4763,5426,2576,2850,1087,390,697
1132051500,24607,11750,12857,3295,1686,1609,6997,3469,3528,7725,3617,4108,5612,2613,2999,978,365,613
1132052100,21072,10632,10440,1920,993,927,4745,2567,2178,6528,3387,3141,6677,3199,3478,1202,486,716
1132052200,26837,13106,13731,3109,1605,1504,6610,3348,3262,8015,3994,4021,7705,3633,4072,1398,526,872
1132066000,21380,10313,11067,2625,1314,1311,5427,2678,2749,6794,3373,3421,5492,2540,2952,1042,408,634
1132067000,18728,8952,9776,2248,1175,1073,4927,2531,2396,5891,2788,3103,4745,2138,2607,917,320,597
1132068000,16614,8058,8556,1769,895,874,4731,2405,2326,5256,2575,2681,4119,1874,2245,739,309,430
1132068100,18606,8797,9809,3053,1574,1479,4646,2298,2348,6171,2806,3365,4026,1890,2136,710,229,481
1132069000,28673,14234,14439,3585,1813,1772,7137,3659,3478,9391,4698,4693,7423,3615,3808,1137,449,688
1132070000,19669,9926,9743,2223,1153,1070,4691,2585,2106,6409,3247,3162,5371,2562,2809,975,379,596
1132071000,27043,13139,13904,4430,2411,2019,6209,3228,2981,8700,4070,4630,6509,3039,3470,1195,391,804
1123000000,337400,166646,170754,42357,21599,20758,105294,52702,52592,101245,51756,49489,74822,35366,39456,13682,5223,8459
1123053600,31619,15897,15722,2702,1382,1320,11876,5757,6119,8897,4845,4052,6834,3390,3444,1310,523,787
1123054500,24617,12612,12005,2310,1202,1108,7681,4180,3501,6738,3617,3121,6522,3093,3429,1366,520,846
1123056000,29198,14627,14571,3593,1825,1768,8565,4330,4235,9004,4725,4279,6778,3277,3501,1258,470,788
1123057000,18557,8935,9622,2820,1400,1420,4358,2231,2127,6126,2974,3152,4377,1962,2415,876,368,508
1123060000,28991,13984,15007,4625,2355,2270,9277,4303,4974,9003,4536,4467,5164,2461,2703,922,329,593
1123061000,28334,13781,14553,3646,1813,1833,7858,3994,3864,8849,4408,4441,6777,3133,3644,1204,433,771
1123065000,38241,18930,19311,4938,2532,2406,11489,5659,5830,12161,6190,5971,8468,4086,4382,1185,463,722
1123066000,32484,16210,16274,5506,2916,2590,8681,4378,4303,10665,5385,5280,6686,3182,3504,946,349,597
1123070500,18813,9343,9470,1738,904,834,4259,2268,1991,5533,2840,2693,6091,2895,3196,1192,436,756
1123071000,10498,5000,5498,1059,511,548,4868,2358,2510,2474,1241,1233,1664,738,926,433,152,281
1123072000,13927,6633,7294,1563,772,791,5807,2678,3129,3617,1821,1796,2456,1156,1300,484,206,278
1123073000,24115,12043,12072,3124,1558,1566,8418,4485,3933,6920,3457,3463,4800,2225,2575,853,318,535
1123074000,18019,8993,9026,1833,953,880,6965,3575,3390,4847,2500,2347,3566,1639,1927,808,326,482
1123075000,19987,9658,10329,2900,1476,1424,5192,2506,2686,6411,3217,3194,4639,2129,2510,845,330,515
1159000000,385483,186426,199057,49959,25575,24384,125708,62051,63657,115280,56745,58535,80060,36404,43656,14476,5651,8825
1159051000,31962,16056,15906,3757,1946,1811,10973,5917,5056,8921,4528,4393,6876,3125,3751,1435,540,895
1159052000,10844,5594,5250,677,341,336,4016,2195,1821,2923,1571,1352,2700,1265,1435,528,222,306
1159053000,44087,21372,22715,5679,2891,2788,15571,7866,7705,12679,6112,6567,8542,3901,4641,1616,602,1014
1159054000,28107,13544,14563,4375,2242,2133,8948,4265,4683,8624,4267,4357,5173,2383,2790,987,387,600
1159055000,24512,11685,12827,2654,1362,1292,8139,3962,4177,7378,3587,3791,5379,2404,2975,962,370,592
1159056000,28577,13864,14713,3319,1749,1570,9221,4591,4630,8647,4271,4376,6289,2856,3433,1101,397,704
1159060500,31485,15349,16136,4379,2247,2132,9168,4654,4514,9877,4894,4983,6665,3041,3624,1396,513,883
1159062000,22856,10890,11966,1612,856,756,9892,4715,5177,5907,2886,3021,4791,2140,2651,654,293,361
1159063000,27780,13304,14476,3565,1892,1673,8036,3878,4158,8507,4134,4373,6580,2953,3627,1092,447,645
1159064000,24344,11802,12542,3595,1861,1734,7075,3372,3703,7313,3608,3705,5562,2610,2952,799,351,448
1159065000,14141,6766,7375,1397,741,656,4875,2359,2516,4021,1976,2045,3298,1471,1827,550,219,331
1159065100,14467,6959,7508,1946,987,959,4725,2315,2410,4423,2154,2269,2886,1321,1565,487,182,305
1159066000,37990,18017,19973,6015,2964,3051,11516,5506,6010,12287,6010,6277,6836,3030,3806,1336,507,829
1159067000,23142,11093,12049,3760,1837,1923,6399,3131,3268,7479,3638,3841,4681,2165,2516,823,322,501
1159068000,21189,10131,11058,3229,1659,1570,7154,3325,3829,6294,3109,3185,3802,1739,2063,710,299,411
1144000000,368905,173504,195401,51366,26060,25306,124950,57472,67478,114781,55970,58811,64583,29067,35516,13225,4935,8290
1144055500,25233,11832,13401,4399,2150,2249,7828,3512,4316,8192,4032,4160,4029,1858,2171,785,280,505
1144056500,37164,17460,19704,4397,2257,2140,12632,5736,6896,11514,5676,5838,7146,3269,3877,1475,522,953
1144058500,21151,10091,11060,2967,1558,1409,6414,3079,3335,6459,3101,3358,4313,2001,2312,998,352,646
1144059000,21619,10236,11383,4185,2044,2141,5811,2691,3120,7419,3624,3795,3469,1609,1860,735,268,467
1144060000,14517,7023,7494,1466,792,674,6036,2850,3186,4081,2074,2007,2388,1100,1288,546,207,339
1144061000,16817,8093,8724,3016,1529,1487,5182,2426,2756,5611,2824,2787,2470,1097,1373,538,217,321
1144063000,22489,10954,11535,3509,1837,1672,6857,3411,3446,7376,3587,3789,3975,1800,2175,772,319,453
1144065500,24938,11863,13075,3432,1751,1681,9179,4320,4859,7568,3643,3925,3952,1832,2120,807,317,490
1144066000,24826,11383,13443,1922,942,980,11606,5181,6425,6699,3243,3456,3701,1655,2046,898,362,536
1144068000,17311,8022,9289,1783,893,890,6886,3147,3739,4907,2345,2562,3118,1409,1709,617,228,389
1144069000,20041,9378,10663,2201,1096,1105,7080,3340,3740,6041,2930,3111,3969,1749,2220,750,263,487
1144070000,18567,8725,9842,2587,1315,1272,5639,2610,3029,6026,2945,3081,3640,1592,2048,675,263,412
1144071000,14914,7052,7862,1303,674,629,6171,2939,3232,4146,2024,2122,2694,1187,1507,600,228,372
1144072000,18930,8912,10018,2264,1106,1158,6373,3048,3325,6094,2912,3182,3566,1589,1977,633,257,376
1144073000,39608,17886,21722,5571,2850,2721,13256,5605,7651,12093,5815,6278,7241,3113,4128,1447,503,944
1144074000,30780,14594,16186,6364,3266,3098,8000,3577,4423,10555,5195,5360,4912,2207,2705,949,349,600
1141000000,304819,145694,159125,41374,20878,20496,93131,45092,48039,93890,46030,47860,62988,28721,34267,13436,4973,8463
1141052000,17121,8121,9000,2525,1258,1267,4439,2158,2281,5646,2766,2880,3621,1643,1978,890,296,594
1141055500,15930,7644,8286,2401,1197,1204,4967,2342,2625,5282,2666,2616,2765,1262,1503,515,177,338
1141056500,20355,9807,10548,2455,1208,1247,6690,3237,3453,6225,3098,3127,4132,1964,2168,853,300,553
1141058500,19752,8756,10996,1555,758,797,11366,4797,6569,3927,1926,2001,2311,1049,1262,593,226,367
1141061500,34976,16737,18239,3833,1909,1924,13038,6513,6525,9826,4711,5115,6695,2984,3711,1584,620,964
1141062000,23676,11090,12586,3269,1618,1651,6330,3078,3252,7591,3574,4017,5356,2391,2965,1130,429,701
1141064000,15336,7410,7926,1754,918,836,3954,2013,1941,4688,2341,2347,3977,1780,2197,963,358,605
1141065500,13703,6471,7232,1741,901,840,3584,1769,1815,4355,2066,2289,3343,1490,1853,680,245,435
1141066000,22697,10957,11740,3114,1567,1547,5784,2883,2901,7257,3571,3686,5373,2511,2862,1169,425,744
1141068500,26496,12796,13700,3251,1671,1580,7600,3885,3715,8283,4041,4242,6030,2723,3307,1332,476,856
1141069000,15409,7384,8025,3511,1751,1760,3661,1665,1996,5204,2623,2581,2518,1134,1384,515,211,304
1141070000,29780,14416,15364,4980,2486,2494,8691,4245,4446,9316,4661,4655,5656,2601,3055,1137,423,714
1141071000,18009,8676,9333,3238,1681,1557,4328,2071,2257,6166,3011,3155,3591,1648,1943,686,265,421
1141072000,31579,15429,16150,3747,1955,1792,8699,4436,4263,10124,4975,5149,7620,3541,4079,1389,522,867
1165000000,412279,197034,215245,76176,38901,37275,111554,52276,59278,137657,66200,71457,74833,34657,40176,12059,5000,7059
1165051000,20524,9891,10633,3226,1694,1532,6286,2977,3309,6708,3216,3492,3710,1760,1950,594,244,350
1165052000,26237,12536,13701,4782,2443,2339,8434,3814,4620,8370,4080,4290,4096,1930,2166,555,269,286
1165053000,32437,15593,16844,4559,2497,2062,10950,5024,5926,10033,4830,5203,5912,2829,3083,983,413,570
1165053100,30833,15010,15823,6949,3634,3315,6887,3144,3743,11066,5427,5639,5008,2371,2637,923,434,489
1165054000,26771,12878,13893,5341,2749,2592,6761,3189,3572,9720,4676,5044,4247,1997,2250,702,267,435
1165055000,1969,936,1033,416,201,215,398,197,201,751,352,399,340,155,185,64,31,33
1165056000,34464,16766,17698,7133,3610,3523,9809,4559,5250,11686,5946,5740,5142,2368,2774,694,283,411
1165057000,15707,7498,8209,4532,2295,2237,2632,1138,1494,5829,2834,2995,2307,1054,1253,407,177,230
1165058000,22190,10541,11649,4904,2517,2387,4809,2266,2543,8135,3850,4285,3670,1647,2023,672,261,411
1165058100,19177,8985,10192,3851,1948,1903,4661,2153,2508,6557,3011,3546,3562,1643,1919,546,230,316
1165059000,20907,9665,11242,4218,2016,2202,4946,2239,2707,7372,3467,3905,3619,1636,1983,752,307,445
1165060000,16848,7878,8970,2390,1245,1145,5148,2402,2746,5215,2398,2817,3511,1571,1940,584,262,322
1165061000,19347,9073,10274,2702,1365,1337,5518,2631,2887,5991,2765,3226,4485,2034,2451,651,278,373
1165062000,18783,9079,9704,3157,1631,1526,4698,2281,2417,6026,2821,3205,4233,2045,2188,669,301,368
1165062100,23524,10703,12821,4287,2024,2263,6313,2771,3542,8016,3707,4309,4089,1852,2237,819,349,470
1165065100,43074,20554,22520,7746,3958,3788,11425,5542,5883,13723,6621,7102,8866,3967,4899,1314,466,848
1165065200,21927,10949,10978,2858,1492,1366,7571,3868,3703,6991,3512,3479,4022,1897,2125,485,180,305
1165066000,17560,8499,9061,3125,1582,1543,4308,2081,2227,5468,2687,2781,4014,1901,2113,645,248,397
1120000000,285990,139380,146610,38125,19233,18892,90278,44427,45851,89500,44579,44921,57879,27409,30470,10208,3732,6476
1120052000,16475,7964,8511,2283,1182,1101,5258,2546,2712,5167,2519,2648,3242,1510,1732,525,207,318
1120053500,26430,12552,13878,3804,1959,1845,8650,3988,4662,8361,4054,4307,4712,2242,2470,903,309,594
1120054000,22362,11039,11323,2686,1342,1344,7448,3815,3633,6517,3234,3283,4834,2320,2514,877,328,549
1120055000,11915,6154,5761,1071,509,562,6350,3496,2854,2419,1229,1190,1701,771,930,374,149,225
1120056000,13904,6688,7216,1934,938,996,4472,2188,2284,4350,2092,2258,2680,1292,1388,468,178,290
1120057000,23280,10907,12373,3714,1747,1967,6346,3019,3327,7742,3744,3998,4624,2093,2531,854,304,550
1120058000,15408,7352,8056,2717,1375,1342,3876,1906,1970,5298,2554,2744,2891,1289,1602,626,228,398
1120059000,15240,7260,7980,2298,1169,1129,4220,2011,2209,4866,2404,2462,3255,1471,1784,601,205,396
1120061500,22735,10824,11911,3071,1542,1529,6780,3351,3429,7291,3520,3771,4718,2124,2594,875,287,588
1120062000,14325,6803,7522,2231,1135,1096,3997,1899,2098,4628,2300,2328,2949,1300,1649,520,169,351
1120064500,26033,12119,13914,4147,2095,2052,7541,3415,4126,8313,3961,4352,5113,2300,2813,919,348,571
1120065000,16514,8249,8265,2070,1097,973,5371,2720,2651,5387,2679,2708,3230,1588,1642,456,165,291
1120066000,12643,6201,6442,1514,773,741,4295,2099,2196,3908,1936,1972,2537,1252,1285,389,141,248
1120067000,15806,8263,7543,1565,801,764,4682,2505,2177,5068,2728,2340,3930,2005,1925,561,224,337
1120069000,10757,5407,5350,1056,543,513,3753,1827,1926,3144,1640,1504,2382,1225,1157,422,172,250
1120072000,10516,5551,4965,1028,552,476,3271,1734,1537,3401,1860,1541,2458,1271,1187,358,134,224
1120079000,11647,6047,5600,936,474,462,3968,1908,2060,3640,2125,1515,2623,1356,1267,480,184,296
1129000000,430528,207578,222950,63312,32264,31048,123995,60608,63387,136726,67404,69322,89267,40839,48428,17228,6463,10765
1129052500,16522,7715,8807,1841,923,918,5216,2457,2759,5225,2477,2748,3373,1508,1865,867,350,517
1129055500,22871,10915,11956,2789,1440,1349,7420,3494,3926,7099,3500,3599,4558,2109,2449,1005,372,633
1129057500,15480,6509,8971,1435,638,797,7045,2659,4386,3889,1893,1996,2550,1115,1435,561,204,357
1129058000,14687,6869,7818,1992,974,1018,3856,1823,2033,4711,2250,2461,3463,1581,1882,665,241,424
1129059000,23825,11285,12540,4599,2291,2308,5750,2771,2979,8373,3972,4401,4235,1926,2309,868,325,543
1129060000,14936,7502,7434,1206,621,585,7256,3821,3435,3523,1790,1733,2436,1092,1344,515,178,337
1129061000,15416,7449,7967,1853,911,942,5185,2578,2607,4823,2392,2431,3015,1376,1639,540,192,348
1129062000,18178,8729,9449,3086,1573,1513,4730,2335,2395,5972,2890,3082,3641,1646,1995,749,285,464
1129063000,23048,11130,11918,3184,1657,1527,6250,3141,3109,7229,3506,3723,5405,2470,2935,980,356,624
1129064000,15046,7491,7555,1442,755,687,4943,2792,2151,4105,2018,2087,3727,1632,2095,829,294,535
1129065000,24873,11992,12881,3526,1841,1685,6258,3118,3140,8229,4025,4204,5783,2596,3187,1077,412,665
1129066000,35462,16848,18614,8572,4280,4292,7561,3497,4064,12889,6326,6563,5435,2384,3051,1005,361,644
1129068500,16653,7977,8676,2874,1499,1375,4402,2079,2323,5623,2723,2900,3228,1486,1742,526,190,336
1129070500,38809,19250,19559,6052,3241,2811,10618,5539,5079,12527,6185,6342,7820,3616,4204,1792,669,1123
1129071500,26335,12719,13616,4453,2195,2258,6440,3122,3318,8670,4336,4334,5780,2676,3104,992,390,602
1129072500,19442,9355,10087,2409,1263,1146,6171,2868,3303,5727,2888,2839,4325,2028,2297,810,308,502
1129076000,24315,11911,12404,3610,1841,1769,6719,3446,3273,7927,3916,4011,5206,2394,2812,853,314,539
1129077000,13740,6781,6959,1411,715,696,3757,1897,1860,4246,2222,2024,3635,1681,1954,691,266,425
1129078000,15855,7809,8046,2993,1524,1469,4456,2146,2310,5120,2603,2517,2893,1389,1504,393,147,246
1129081000,35035,17342,17693,3985,2082,1903,9962,5025,4937,10819,5492,5327,8759,4134,4625,1510,609,901
1171000000,658338,317346,340992,106008,54365,51643,197052,93882,103170,208823,101205,107618,128796,61248,67548,17659,6646,11013
1171051000,12869,6300,6569,1428,764,664,3324,1728,1596,4018,1979,2039,3573,1635,1938,526,194,332
1171052000,24785,11777,13008,3788,1920,1868,7739,3549,4190,7589,3676,3913,4985,2373,2612,684,259,425
1171053100,12539,6335,6204,1507,780,727,3492,1855,1637,4024,2027,1997,3052,1501,1551,464,172,292
1171053200,18726,9210,9516,2669,1413,1256,4828,2476,2352,6112,3005,3107,4430,2080,2350,687,236,451
1171054000,18916,9664,9252,2344,1219,1125,4375,2342,2033,6132,3233,2899,5201,2556,2645,864,314,550
1171055000,18713,9536,9177,2022,1023,999,4478,2452,2026,6118,3201,2917,5270,2554,2716,825,306,519
1171056100,15682,7555,8127,2571,1282,1289,4582,2293,2289,5149,2387,2762,2943,1437,1506,437,156,281
1171056200,26489,12304,14185,2295,1249,1046,11596,5107,6489,7217,3504,3713,4790,2208,2582,591,236,355
1171056600,18061,8824,9237,3809,2069,1740,3767,1801,1966,6277,2932,3345,3739,1846,1893,469,176,293
1171057000,38446,18636,19810,5687,2998,2689,10670,5390,5280,12378,5799,6579,8435,4033,4402,1276,416,860
1171058000,23845,11129,12716,2374,1180,1194,9660,4546,5114,6666,3056,3610,4552,2091,2461,593,256,337
1171059000,19130,9221,9909,3265,1653,1612,5345,2520,2825,6128,2957,3171,3879,1901,1978,513,190,323
1171060000,31584,15066,16518,3286,1657,1629,12153,5735,6418,9432,4633,4799,5947,2720,3227,766,321,445
1171061000,30325,14254,16071,3353,1728,1625,11527,5383,6144,9298,4437,4861,5453,2482,2971,694,224,470
1171062000,26252,13019,13233,3335,1713,1622,8507,4246,4261,8317,4111,4206,5377,2659,2718,716,290,426
1171063100,27265,13203,14062,5410,2783,2627,7885,3759,4126,8465,4045,4420,5092,2456,2636,413,160,253
1171063200,32229,15820,16409,5809,3058,2751,9033,4427,4606,10663,5181,5482,5944,2869,3075,780,285,495
1171064100,20012,9922,10090,2678,1391,1287,6502,3327,3175,6094,2930,3164,4230,2083,2147,508,191,317
1171064200,28871,13266,15605,2939,1477,1462,12349,5243,7106,7868,3812,4056,4905,2371,2534,810,363,447
1171064600,29534,14278,15256,4858,2500,2358,8580,4291,4289,9413,4491,4922,5836,2740,3096,847,256,591
1171064700,39095,19042,20053,11513,5832,5681,10402,4916,5486,12396,6191,6205,4236,1954,2282,548,149,399
1171065000,27953,13264,14689,2856,1413,1443,11009,5179,5830,8347,4041,4306,5125,2385,2740,616,246,370
1171067000,35036,16756,18280,9508,4815,4693,6781,2940,3841,13456,6619,6837,4684,2140,2544,607,242,365
1171068000,34338,16337,18001,7045,3605,3440,7601,3438,4163,11435,5443,5992,7355,3485,3870,902,366,536
1171069000,21318,10229,11089,5048,2603,2445,4660,2064,2596,7418,3617,3801,3733,1770,1963,459,175,284
1171071000,16775,7945,8830,3104,1563,1541,4048,1867,2181,5437,2516,2921,3634,1767,1867,552,232,320
1171072000,9550,4454,5096,1507,677,830,2159,1008,1151,2976,1382,1594,2396,1152,1244,512,235,277
1147000000,447302,219214,228088,79006,41009,37997,113045,56602,56443,152678,74474,78204,89495,42546,46949,13078,4583,8495
1147051000,30750,14773,15977,7826,3919,3907,6219,2844,3375,11715,5685,6030,4383,2109,2274,607,216,391
1147052000,29903,14562,15341,4008,2095,1913,10060,5023,5037,9347,4461,4886,5722,2726,2996,766,257,509
1147053000,21815,10408,11407,2705,1455,1250,7207,3488,3719,6704,3135,3569,4507,2100,2407,692,230,462
1147054000,25372,12396,12976,4471,2339,2132,6764,3491,3273,9225,4346,4879,4257,2004,2253,655,216,439
1147055000,41239,20455,20784,10527,5707,4820,7945,3855,4090,15620,7442,8178,6248,3127,3121,899,324,575
1147056000,20422,10490,9932,2157,1114,1043,5232,2815,2417,6653,3511,3142,5667,2786,2881,713,264,449
1147057000,20665,10096,10569,3064,1527,1537,5345,2725,2620,6530,3255,3275,5089,2360,2729,637,229,408
1147058000,15191,8009,7182,1861,994,867,3909,2113,1796,4908,2685,2223,3963,2011,1952,550,206,344
1147059000,17926,8759,9167,2923,1496,1427,4369,2226,2143,5809,2878,2931,4209,1949,2260,616,210,406
1147060000,14615,7262,7353,2082,1104,978,4110,2125,1985,4676,2309,2367,3306,1568,1738,441,156,285
1147061000,13893,6792,7101,2711,1363,1348,4088,2017,2071,4238,2095,2143,2575,1225,1350,281,92,189
1147061100,19783,9677,10106,2176,1127,1049,5061,2662,2399,6247,3133,3114,5338,2442,2896,961,313,648
1147062000,20374,9925,10449,4666,2405,2261,4248,2037,2211,7489,3638,3851,3401,1636,1765,570,209,361
1147063000,19491,9567,9924,4217,2169,2048,4043,2011,2032,7186,3501,3685,3503,1700,1803,542,186,356
1147064000,49627,24148,25479,9178,4710,4468,12274,6197,6077,16895,8180,8715,9812,4553,5259,1468,508,960
1147065000,32698,15936,16762,3706,1913,1793,10134,5050,5084,10337,5063,5274,7478,3468,4010,1043,442,601
1147067000,24528,11939,12589,5556,2892,2664,5641,2725,2916,8965,4225,4740,3856,1922,1934,510,175,335
1147068000,29010,14020,14990,5172,2680,2492,6396,3198,3198,10134,4932,5202,6181,2860,3321,1127,350,777
1156000000,376837,185926,190911,48396,24977,23419,128096,62587,65509,111703,57285,54418,75117,35767,39350,13525,5310,8215
1156051500,21254,10896,10358,2545,1292,1253,6084,3241,2843,6664,3485,3179,5124,2538,2586,837,340,497
1156053500,29233,15347,13886,2006,1017,989,15103,7277,7826,7022,4207,2815,4429,2561,1868,673,285,388
1156054000,33071,15519,17552,5574,2780,2794,8507,3842,4665,10513,5022,5491,6780,3148,3632,1697,727,970
1156055000,20300,9948,10352,1980,1018,962,7690,3735,3955,5764,2979,2785,4112,1914,2198,754,302,452
1156056000,37520,17598,19922,5010,2547,2463,15515,6886,8629,10074,4932,5142,5887,2827,3060,1034,406,628
1156058500,17730,8946,8784,1797,941,856,5803,2932,2871,5522,2942,2580,3865,1858,2007,743,273,470
1156060500,32627,15964,16663,6232,3223,3009,9520,4527,4993,10282,5177,5105,5578,2634,2944,1015,403,612
1156061000,18197,8884,9313,2294,1186,1108,7521,3570,3951,5053,2671,2382,2792,1249,1543,537,208,329
1156062000,22301,10957,11344,3022,1555,1467,9087,4382,4705,6295,3216,3079,3342,1599,1743,555,205,350
1156063000,17342,8831,8511,1366,687,679,6528,3465,3063,4850,2615,2235,3816,1748,2068,782,316,466
1156065000,16561,8184,8377,2196,1133,1063,4624,2344,2280,5211,2656,2555,3895,1828,2067,635,223,412
1156066000,12324,6126,6198,1646,850,796,3423,1782,1641,3890,1978,1912,2886,1347,1539,479,169,310
1156067000,10611,5162,5449,1508,762,746,2762,1404,1358,3373,1688,1685,2589,1184,1405,379,124,255
1156068000,19076,9312,9764,2350,1272,1078,6222,3008,3214,5685,2843,2842,4124,1925,2199,695,264,431
1156069000,19968,9961,10007,3775,2013,1762,5993,2979,3014,6312,3172,3140,3346,1595,1751,542,202,340
1156070000,14525,7233,7292,1723,964,759,3973,2042,1931,4516,2298,2218,3690,1696,1994,623,233,390
1156071000,11912,5879,6033,935,465,470,3501,1863,1638,3634,1860,1774,3227,1432,1795,615,259,356
1156072000,22285,11179,11106,2437,1272,1165,6240,3308,2932,7043,3544,3499,5635,2684,2951,930,371,559
1117000000,222953,107210,115743,27345,13967,13378,70497,34073,36424,69903,34472,35431,45129,21045,24084,10079,3653,6426
1117051000,16833,8211,8622,2052,1099,953,5183,2656,2527,5319,2606,2713,3544,1617,1927,735,233,502
1117052000,9456,4569,4887,806,413,393,3152,1638,1514,2677,1317,1360,2290,1022,1268,531,179,352
1117053000,7351,4471,2880,432,244,188,1961,990,971,2627,1753,874,2000,1332,668,331,152,179
1117055500,19471,9114,10357,1673,858,815,7449,3393,4056,5650,2813,2837,3901,1753,2148,798,297,501
1117056000,15950,7582,8368,2154,1095,1059,6078,2733,3345,4798,2396,2402,2508,1196,1312,412,162,250
1117057000,13751,6478,7273,2000,899,1101,3993,1920,2073,4417,2174,2243,2753,1296,1457,588,189,399
1117058000,10037,4748,5289,1443,754,689,3354,1583,1771,3112,1482,1630,1732,782,950,396,147,249
1117059000,11863,5675,6188,1427,715,712,3719,1819,1900,3705,1844,1861,2532,1118,1414,480,179,301
1117062500,21763,10334,11429,2229,1178,1051,8515,3831,4684,6306,3061,3245,3924,1938,1986,789,326,463
1117063000,25893,12119,13774,5200,2678,2522,5909,2701,3208,8817,4116,4701,4548,2100,2448,1419,524,895
1117064000,8303,3889,4414,1013,498,515,2214,1109,1105,2548,1224,1324,2093,927,1166,435,131,304
1117065000,6392,3110,3282,482,237,245,2151,1151,1000,1845,900,945,1525,680,845,389,142,247
1117066000,8997,4137,4860,860,410,450,3024,1476,1548,2631,1234,1397,1975,838,1137,507,179,328
1117068500,20389,9841,10548,2260,1164,1096,6432,3173,3259,6443,3172,3271,4339,1982,2357,915,350,565
1117069000,13051,6241,6810,2171,1089,1082,3215,1593,1622,4651,2221,2430,2304,1086,1218,710,252,458
1117070000,13453,6691,6762,1143,636,507,4148,2307,1841,4357,2159,2198,3161,1378,1783,644,211,433
1138000000,473307,226458,246849,64863,33276,31587,132309,64061,68248,151347,73873,77474,105536,47737,57799,19252,7511,11741
1138051000,36807,17434,19373,4544,2258,2286,10886,5219,5667,11419,5645,5774,8390,3696,4694,1568,616,952
1138052000,38518,18167,20351,4744,2476,2268,10431,5074,5357,12316,5835,6481,9166,4061,5105,1861,721,1140
1138053000,27545,13330,14215,2657,1355,1302,7985,4032,3953,8376,4127,4249,7236,3305,3931,1291,511,780
1138055100,21876,10672,11204,2302,1222,1080,6339,3300,3039,6840,3291,3549,5534,2514,3020,861,345,516
1138055200,28240,13379,14861,3699,1869,1830,8095,3960,4135,9244,4409,4835,6107,2693,3414,1095,448,647
1138056000,32207,15777,16430,4409,2170,2239,8336,4089,4247,10550,5287,5263,7556,3672,3884,1356,559,797
1138057000,26881,12497,14384,2579,1260,1319,9048,4159,4889,8019,3924,4095,6029,2662,3367,1206,492,714
1138058000,32960,15617,17343,5190,2666,2524,9950,4670,5280,10447,5120,5327,6252,2727,3525,1121,434,687
1138059000,27912,13547,14365,5564,2897,2667,7458,3590,3868,9236,4623,4613,4783,2118,2665,871,319,552
1138060000,24336,11854,12482,2393,1269,1124,6820,3493,3327,7413,3735,3678,6316,2815,3501,1394,542,852
1138062500,45384,21321,24063,5668,2836,2832,12739,6073,6666,14895,7173,7722,10333,4574,5759,1749,665,1084
1138063100,27031,13035,13996,3448,1782,1666,7754,3890,3864,8508,4118,4390,6296,2844,3452,1025,401,624
1138063200,20211,10097,10114,2575,1402,1173,5549,2888,2661,6458,3225,3233,4817,2276,2541,812,306,506
1138064000,14909,7273,7636,1785,909,876,3947,1989,1958,4686,2304,2382,3852,1804,2048,639,267,372
1138065000,12692,6254,6438,1793,930,863,3614,1826,1788,4018,2030,1988,2777,1311,1466,490,157,333
1138069000,55798,26204,29594,11513,5975,5538,13358,5809,7549,18922,9027,9895,10092,4665,5427,1913,728,1185
1111000000,144683,70183,74500,17365,8697,8668,42272,20680,21592,45926,22710,23216,31989,15315,16674,7131,2781,4350
1111051500,11978,5526,6452,1886,990,896,3147,1506,1641,4000,1787,2213,2339,1003,1336,606,240,366
1111053000,9372,4200,5172,1233,578,655,2649,1166,1483,3022,1359,1663,1907,860,1047,561,237,324
1111054000,2456,1168,1288,273,144,129,623,301,322,733,365,368,652,296,356,175,62,113
1111055000,9579,4570,5009,1351,713,638,2437,1229,1208,3233,1473,1760,2086,978,1108,472,177,295
1111056000,18152,8457,9695,2727,1375,1352,4542,2187,2355,5946,2696,3250,3982,1845,2137,955,354,601
1111057000,8259,3841,4418,1621,736,885,1810,834,976,2822,1391,1431,1632,736,896,374,144,230
1111058000,10046,4634,5412,1614,789,825,2781,1268,1513,3368,1603,1765,1900,821,1079,383,153,230
1111060000,4088,1884,2204,491,253,238,1010,473,537,1403,657,746,958,420,538,226,81,145
1111061500,7197,4251,2946,410,209,201,1874,989,885,2231,1464,767,2207,1370,837,475,219,256
1111063000,5089,2720,2369,304,141,163,1847,961,886,1438,840,598,1255,674,581,245,104,141
1111064000,7231,3419,3812,582,282,300,2806,1337,1469,1981,993,988,1505,683,822,357,124,233
1111065000,16383,7904,8479,1893,941,952,6381,3231,3150,4489,2159,2330,2837,1276,1561,783,297,486
1111067000,4891,2626,2265,345,176,169,1143,640,503,1591,872,719,1534,835,699,278,103,175
1111068000,7911,4082,3829,633,337,296,2026,1119,907,2750,1451,1299,2140,1027,1113,362,148,214
1111069000,6575,3242,3333,828,433,395,1831,941,890,2108,1021,1087,1539,747,792,269,100,169
1111070000,5837,2811,3026,583,291,292,1543,759,784,2008,1012,996,1432,656,776,271,93,178
1111071000,9639,4848,4791,591,309,282,3822,1739,2083,2803,1567,1236,2084,1088,996,339,145,194
1114000000,122499,59630,62869,12773,6471,6302,38195,18386,19809,37422,19064,18358,28304,13656,14648,5805,2053,3752
1114052000,2250,1077,1173,294,126,168,752,318,434,809,420,389,345,195,150,50,18,32
1114054000,4784,2488,2296,389,188,201,1012,461,551,1539,854,685,1556,871,685,288,114,174
1114055000,2884,1262,1622,209,107,102,787,384,403,895,391,504,825,336,489,168,44,124
1114057000,4023,2045,1978,363,187,176,1402,699,703,1049,594,455,959,475,484,250,90,160
1114058000,4590,2351,2239,417,214,203,1877,999,878,1163,611,552,904,442,462,229,85,144
1114059000,5255,2688,2567,311,149,162,1956,951,1005,1423,791,632,1350,715,635,215,82,133
1114060500,1738,1048,690,68,31,37,544,278,266,465,325,140,566,370,196,95,44,51
1114061500,7673,3782,3891,525,227,298,2724,1273,1451,2355,1282,1073,1749,883,866,320,117,203
1114062500,13798,6712,7086,1278,677,601,4463,2243,2220,4164,2066,2098,3238,1494,1744,655,232,423
1114063500,16676,7750,8926,1927,969,958,4315,2033,2282,5142,2470,2672,4292,1938,2354,1000,340,660
1114064500,13588,6438,7150,1548,788,760,3981,1959,2022,4137,1995,2142,3203,1442,1761,719,254,465
1114065000,10363,5051,5312,1062,525,537,3341,1597,1744,3373,1763,1610,2182,1020,1162,405,146,259
1114066500,10266,4956,5310,1461,768,693,2631,1272,1359,3401,1649,1752,2258,1098,1160,515,169,346
1114067000,12576,5997,6579,1198,613,585,4956,2280,2676,3584,1798,1786,2434,1168,1266,404,138,266
1114068000,12035,5985,6050,1723,902,821,3454,1639,1815,3923,2055,1868,2443,1209,1234,492,180,312
1126000000,387350,191112,196238,46717,23878,22839,111153,55962,55191,123228,62251,60977,91881,43639,48242,14371,5382,8989
1126052000,24049,12000,12049,2594,1314,1280,6433,3290,3143,8241,4278,3963,5868,2774,3094,913,344,569
1126054000,19029,9470,9559,2195,1150,1045,5100,2653,2447,6216,3186,3030,4827,2210,2617,691,271,420
1126055000,14784,7421,7363,2257,1129,1128,4415,2219,2196,4738,2485,2253,2979,1444,1535,395,144,251
1126056500,33478,16582,16896,3190,1584,1606,10371,5323,5048,10897,5564,5333,7832,3669,4163,1188,442,746
1126057000,21756,10934,10822,2284,1218,1066,6232,3167,3065,6835,3506,3329,5606,2734,2872,799,309,490
1126057500,24759,12272,12487,2379,1235,1144,7127,3678,3449,7906,3999,3907,6353,2976,3377,994,384,610
1126058000,24046,11714,12332,3524,1830,1694,6956,3475,3481,7653,3731,3922,5112,2393,2719,801,285,516
1126059000,20341,9801,10540,1485,762,723,8720,4020,4700,5614,2877,2737,3924,1895,2029,598,247,351
1126060000,19611,9624,9987,2372,1186,1186,5880,2982,2898,5895,2929,2966,4803,2274,2529,661,253,408
1126061000,24875,12781,12094,2114,1136,978,7275,3737,3538,8023,4315,3708,6428,3186,3242,1035,407,628
1126062000,34443,16639,17804,5127,2614,2513,9535,4669,4866,11082,5397,5685,7484,3468,4016,1215,491,724
1126063000,18718,9173,9545,2091,1079,1012,5478,2727,2751,5915,2975,2940,4559,2124,2435,675,268,407
1126065500,32155,16110,16045,3889,1953,1936,8814,4501,4313,10122,5245,4877,8068,3980,4088,1262,431,831
1126066000,16359,8204,8155,1731,834,897,4192,2210,1982,5401,2742,2659,4348,2149,2199,687,269,418
1126068000,38512,18652,19860,6683,3424,3259,9416,4697,4719,12217,5896,6321,8665,4114,4551,1531,521,1010
1126069000,20435,9735,10700,2802,1430,1372,5209,2614,2595,6473,3126,3347,5025,2249,2776,926,316,610
3611000000,371895,185678,186217,92857,47065,45792,100229,49859,50370,121640,62412,59228,48297,23466,24831,8872,2876,5996
3611025000,43262,22520,20742,7134,3674,3460,11889,6712,5177,13531,7211,6320,8837,4251,4586,1871,672,1199
3611031000,2812,1599,1213,190,96,94,779,481,298,847,543,304,805,425,380,191,54,137
3611032000,3112,1636,1476,209,107,102,576,359,217,826,471,355,1125,590,535,376,109,267
3611033000,6152,3393,2759,652,341,311,1441,927,514,1859,1117,742,1732,838,894,468,170,298
3611034000,8975,4770,4205,700,351,349,1858,1106,752,2611,1511,1100,2984,1538,1446,822,264,558
3611035000,6994,4050,2944,558,271,287,1949,1278,671,2264,1418,846,1792,933,859,431,150,281
3611036000,7380,4042,3338,717,369,348,1553,1007,546,2066,1221,845,2371,1195,1176,673,250,423
3611037000,5523,2952,2571,531,293,238,1009,628,381,1649,950,699,1740,874,866,594,207,387
3611038000,3368,1813,1555,174,89,85,498,287,211,965,585,380,1362,736,626,369,116,253
3611039000,2270,1204,1066,253,119,134,425,263,162,717,428,289,674,332,342,201,62,139
3611051000,18615,9151,9464,5599,2873,2726,4027,1907,2120,7025,3468,3557,1725,824,901,239,79,160
3611051500,38186,18549,19637,10922,5413,5509,11362,5274,6088,12805,6458,6347,2761,1319,1442,336,85,251
3611052000,33331,16051,17280,8684,4394,4290,9580,4417,5163,11358,5603,5755,3198,1505,1693,511,132,379
3611052500,8569,4192,4377,2706,1381,1325,2425,1111,1314,2771,1400,1371,588,271,317,79,29,50
3611053000,23349,11578,11771,7580,3984,3596,5032,2332,2700,8708,4326,4382,1826,872,954,203,64,139
3611054000,29139,14168,14971,8571,4329,4242,7567,3588,3979,9718,4810,4908,2891,1312,1579,392,129,263
3611055000,34171,16731,17440,10636,5422,5214,8402,3977,4425,11366,5611,5755,3474,1628,1846,293,93,200
3611055500,20406,10048,10358,5960,2980,2980,5938,2857,3081,6537,3272,3265,1824,904,920,147,35,112
3611055600,17586,8662,8924,4449,2219,2230,7033,3387,3646,4795,2455,2340,1168,571,597,141,30,111
3611056000,19022,9302,9720,5491,2785,2706,5134,2394,2740,6372,3197,3175,1838,873,965,187,53,134
3611057000,11315,5642,5673,2745,1433,1312,3487,1735,1752,3770,1869,1901,1173,575,598,140,30,110
3611058000,28358,13625,14733,8396,4142,4254,8265,3832,4433,9080,4488,4592,2409,1100,1309,208,63,145
3114000000,313819,160055,153764,51685,27001,24684,84214,46104,38110,110270,54743,55527,60923,29936,30987,6727,2271,4456
3114051000,18204,9169,9035,1834,942,892,4561,2556,2005,5799,2940,2859,5373,2509,2864,637,222,415
3114052000,24176,12357,11819,4926,2633,2293,5735,3128,2607,8917,4377,4540,4156,2056,2100,442,163,279
3114053000,16386,8339,8047,2439,1267,1172,4070,2194,1876,5727,2930,2797,3706,1789,1917,444,159,285
3114054000,20901,10558,10343,3980,2065,1915,5340,2894,2446,7301,3582,3719,3862,1867,1995,418,150,268
3114055000,8867,4747,4120,1026,529,497,2628,1527,1101,3064,1624,1440,1922,986,936,227,81,146
3114056000,27174,13706,13468,3533,1850,1683,7926,4332,3594,9256,4561,4695,5724,2729,2995,735,234,501
3114057000,49028,25492,23536,7656,3983,3673,15462,8539,6923,17615,8816,8799,7675,3952,3723,620,202,418
3114058500,20360,10400,9960,2698,1452,1246,5230,2914,2316,7348,3654,3694,4500,2193,2307,584,187,397
3114059500,31814,16327,15487,5307,2752,2555,9138,5183,3955,11632,5629,6003,5118,2556,2562,619,207,412
3114060000,26351,13230,13121,5099,2740,2359,6592,3577,3015,9550,4422,5128,4660,2344,2316,450,147,303
3114062500,29794,14877,14917,6499,3331,3168,7399,3783,3616,10251,5117,5134,5103,2455,2648,542,191,351
3114063500,16673,8339,8334,3288,1678,1610,4327,2268,2059,5755,2782,2973,3045,1526,1519,258,85,173
3114064000,14310,7379,6931,2272,1189,1083,3610,1961,1649,4965,2557,2408,3135,1576,1559,328,96,232
3114067000,9781,5135,4646,1128,590,538,2196,1248,948,3090,1752,1338,2944,1398,1546,423,147,276
3117000000,154096,80417,73679,29365,15276,14089,38060,21095,16965,50947,26742,24205,32712,16341,16371,3012,963,2049
3117051000,40170,21602,18568,7551,3966,3585,10101,5816,4285,13975,7728,6247,7773,3871,3902,770,221,549
3117052000,5772,3089,2683,581,301,280,1450,867,583,1845,1016,829,1719,840,879,177,65,112
3117053000,19473,9995,9478,3958,2041,1917,4622,2436,2186,6368,3369,2999,4041,2003,2038,484,146,338
3117054000,11562,6062,5500,1979,1050,929,2863,1599,1264,4155,2143,2012,2363,1202,1161,202,68,134
3117055000,14720,7582,7138,2645,1422,1223,3793,1981,1812,4637,2412,2225,3344,1661,1683,301,106,195
3117056000,20581,10441,10140,4294,2134,2160,4817,2556,2261,7107,3591,3516,4016,2052,1964,347,108,239
3117058000,8744,4473,4271,1521,776,745,1863,1061,802,2779,1407,1372,2372,1159,1213,209,70,139
3117059000,21063,11118,9945,4388,2326,2062,5822,3312,2510,6250,3166,3084,4356,2211,2145,247,103,144
3117060000,12011,6055,5956,2448,1260,1188,2729,1467,1262,3831,1910,1921,2728,1342,1386,275,76,199
3120000000,218735,113265,105470,47822,24689,23133,59023,32150,26873,77907,39843,38064,30269,15503,14766,3714,1080,2634
3120051000,36757,18825,17932,8325,4262,4063,9307,4937,4370,12926,6632,6294,5547,2809,2738,652,185,467
3120052000,41750,21216,20534,10362,5325,5037,11206,5860,5346,14543,7354,7189,5001,2495,2506,638,182,456
3120053000,38117,19387,18730,9438,4938,4500,8338,4395,3943,15454,7699,7755,4247,2159,2088,640,196,444
3120054000,16403,8410,7993,3988,2008,1980,4239,2167,2072,5094,2743,2351,2657,1368,1289,425,124,301
3120056000,29520,15820,13700,4737,2479,2258,9241,5359,3882,10440,5411,5029,4628,2436,2192,474,135,339
3120057000,36399,18515,17884,8040,4146,3894,10761,5634,5127,12822,6341,6481,4265,2258,2007,511,136,375
3120058000,9883,5734,4149,1453,736,717,3302,2214,1088,3290,1863,1427,1688,879,809,150,42,108
3120059000,9906,5358,4548,1479,795,684,2629,1584,1045,3338,1800,1538,2236,1099,1137,224,80,144
3171000000,222059,114744,107315,38416,19889,18527,50724,28065,22659,78537,40859,37678,46508,23519,22989,7874,2412,5462
3171025000,20345,11736,8609,2978,1588,1390,5231,3312,1919,7715,4695,3020,3842,1970,1872,579,171,408
3171025300,28316,14205,14111,5054,2551,2503,6448,3501,2947,9721,4842,4879,6056,3006,3050,1037,305,732
3171025600,28726,14937,13789,5646,2874,2772,6646,3608,3038,10541,5616,4925,5063,2595,2468,830,244,586
3171025900,69755,35067,34688,15768,8194,7574,16350,8597,7753,26334,12803,13531,9984,5062,4922,1319,411,908
3171026200,19113,9868,9245,3183,1620,1563,4918,2676,2242,6390,3348,3042,4010,2041,1969,612,183,429
3171026500,22588,11653,10935,2981,1555,1426,5790,3281,2509,7660,3916,3744,5336,2642,2694,821,259,562
3171031000,8382,4519,3863,959,517,442,1609,914,695,2702,1635,1067,2630,1285,1345,482,168,314
3171034000,7714,4008,3706,624,337,287,1426,828,598,2357,1265,1092,2733,1396,1337,574,182,392
3171036000,4277,2202,2075,325,167,158,574,324,250,1294,711,583,1704,896,808,380,104,276
3171037000,3111,1551,1560,158,83,75,339,191,148,771,429,342,1423,718,705,420,130,290
3171038000,7968,4064,3904,652,356,296,1194,709,485,2544,1301,1243,2963,1511,1452,615,187,428
3171040000,1764,934,830,88,47,41,199,124,75,508,298,210,764,397,367,205,68,137
3111000000,212883,107736,105147,34720,18190,16530,50292,27319,22973,73349,36959,36390,48387,23204,25183,6135,2064,4071
3111051000,11223,5722,5501,1178,604,574,2651,1468,1183,3459,1900,1559,3427,1582,1845,508,168,340
3111052000,16804,8726,8078,2569,1319,1250,4232,2319,1913,5819,3097,2722,3786,1849,1937,398,142,256
3111053000,8658,4394,4264,939,515,424,2239,1216,1023,2830,1438,1392,2335,1116,1219,315,109,206
3111054000,4377,2202,2175,482,270,212,983,559,424,1360,659,701,1384,655,729,168,59,109
3111055000,11227,5598,5629,1957,990,967,3022,1643,1379,3759,1826,1933,2206,1053,1153,283,86,197
3111058500,12644,6508,6136,995,524,471,2723,1572,1151,3921,2077,1844,4371,2108,2263,634,227,407
3111059000,18222,9072,9150,2744,1483,1261,4252,2261,1991,5960,2970,2990,4581,2120,2461,685,238,447
3111060000,33110,16511,16599,6855,3634,3221,7698,4042,3656,11655,5611,6044,6243,3009,3234,659,215,444
3111061000,22693,11560,11133,2824,1508,1316,5070,2922,2148,8042,4010,4032,5900,2843,3057,857,277,580
3111062000,22032,11188,10844,3532,1853,1679,5000,2762,2238,7817,3861,3956,5130,2515,2615,553,197,356
3111063000,20241,10184,10057,3814,1951,1863,4781,2559,2222,6985,3528,3457,4193,1997,2196,468,149,319
3111064000,10811,5413,5398,2529,1291,1238,2827,1443,1384,3796,1880,1916,1492,734,758,167,65,102
3111065000,20841,10658,10183,4302,2248,2054,4814,2553,2261,7946,4102,3844,3339,1623,1716,440,132,308
2871000000,69693,34868,34825,7770,4022,3748,10330,5647,4683,19406,10189,9217,25322,12426,12896,6865,2584,4281
2871025000,22780,11250,11530,3601,1857,1744,4308,2311,1997,6974,3552,3422,6336,2977,3359,1561,553,1008
2871031000,7959,3957,4002,1155,569,586,1339,729,610,2407,1230,1177,2457,1210,1247,601,219,382
2871032000,4929,2473,2456,375,183,192,608,327,281,1237,661,576,2133,1091,1042,576,211,365
2871033000,7197,3615,3582,705,361,344,1091,595,496,2092,1086,1006,2733,1348,1385,576,225,351
2871034000,4563,2314,2249,347,188,159,568,325,243,1159,597,562,1996,1002,994,493,202,291
2871035000,4301,2161,2140,378,203,175,482,271,211,1130,616,514,1766,867,899,545,204,341
2871036000,3060,1499,1561,188,105,83,349,182,167,741,381,360,1413,690,723,369,141,228
2871037000,4034,2065,1969,276,151,125,452,267,185,957,523,434,1748,887,861,601,237,364
2871038000,1885,932,953,143,73,70,170,88,82,476,267,209,811,389,422,285,115,170
2871039000,3289,1643,1646,260,134,126,403,227,176,845,474,371,1341,656,685,440,152,288
2871040000,2853,1472,1381,165,86,79,286,172,114,695,405,290,1282,637,645,425,172,253
2871041000,2192,1139,1053,143,92,51,215,119,96,550,312,238,990,500,490,294,116,178
2871042000,387,201,186,26,15,11,41,22,19,87,51,36,172,94,78,61,19,42
2871042500,264,147,117,8,5,3,18,12,6,56,34,22,144,78,66,38,18,20
2824500000,295696,147316,148380,42750,21814,20936,80485,42221,38264,103994,51098,52896,59379,29368,30011,9088,2815,6273
2824560100,27361,13726,13635,3884,2005,1879,7208,3763,3445,9254,4596,4658,6098,3059,3039,917,303,614
2824560200,28995,14677,14318,4296,2207,2089,7502,4085,3417,10064,4942,5122,6307,3162,3145,826,281,545
2824561100,19230,10138,9092,1875,999,876,5276,2923,2353,6724,3612,3112,4673,2392,2281,682,212,470
2824561200,15790,7852,7938,1483,752,731,4512,2381,2131,5270,2582,2688,3998,1967,2031,527,170,357
2824561300,19091,9143,9948,2217,1148,1069,5984,3065,2919,6537,2918,3619,3830,1868,1962,523,144,379
2824561400,23166,11697,11469,3923,1983,1940,6250,3259,2991,8937,4405,4532,3430,1885,1545,626,165,461
2824562100,27815,13633,14182,4259,2148,2111,7515,3897,3618,9844,4737,5107,5420,2625,2795,777,226,551
2824562200,19816,9783,10033,2288,1157,1131,5570,2952,2618,6588,3226,3362,4678,2216,2462,692,232,460
2824564000,34996,17424,17572,6118,3072,3046,9931,5224,4707,12800,6243,6557,5268,2633,2635,879,252,627
2824571000,20887,10342,10545,3025,1578,1447,5382,2741,2641,7242,3562,3680,4466,2200,2266,772,261,511
2824572000,33090,16355,16735,4027,2017,2010,9163,4879,4284,11652,5706,5946,6968,3390,3578,1280,363,917
2824573000,25459,12546,12913,5355,2748,2607,6192,3052,3140,9082,4569,4513,4243,1971,2272,587,206,381
2820000000,518272,257468,260804,86684,44536,42148,137807,71171,66636,175936,88229,87707,102200,48477,53723,15645,5055,10590
2820051000,31445,15295,16150,5983,2992,2991,8439,4114,4325,10595,5272,5323,5624,2669,2955,804,248,556
2820052000,35508,17473,18035,7718,4020,3698,8526,4240,4286,12338,6027,6311,6138,2916,3222,788,270,518
2820052100,30158,15049,15109,3379,1754,1625,12261,6022,6239,9351,4890,4461,4554,2161,2393,613,222,391
2820052200,14630,7391,7239,1491,814,677,3719,1988,1731,5044,2655,2389,3740,1738,2002,636,196,440
2820053000,21199,10457,10742,2500,1306,1194,5966,3172,2794,6851,3426,3425,5014,2273,2741,868,280,588
2820054000,21965,10963,11002,3519,1818,1701,5514,2854,2660,7579,3842,3737,4645,2200,2445,708,249,459
2820055000,27576,13738,13838,3437,1749,1688,7526,3881,3645,9231,4744,4487,6380,3014,3366,1002,350,652
2820055100,29093,14529,14564,3983,2006,1977,8208,4267,3941,9731,4910,4821,6216,3042,3174,955,304,651
2820056000,17128,8359,8769,1828,916,912,4363,2326,2037,5542,2816,2726,4476,2042,2434,919,259,660
2820057000,24289,11903,12386,4016,2006,2010,5979,3126,2853,8383,4101,4282,5212,2429,2783,699,241,458
2820058000,17709,8959,8750,2849,1463,1386,4628,2449,2179,5970,3028,2942,3791,1866,1925,471,153,318
2820058100,21056,10283,10773,3171,1647,1524,5465,2871,2594,6950,3354,3596,4712,2193,2519,758,218,540
2820058200,15307,7624,7683,1523,772,751,3878,2115,1763,4912,2516,2396,4334,1995,2339,660,226,434
2820058300,24342,11809,12533,3492,1775,1717,6029,3161,2868,8333,3983,4350,5456,2587,2869,1032,303,729
2820065000,19919,9921,9998,3641,1875,1766,4497,2371,2126,6769,3341,3428,4390,2104,2286,622,230,392
2820065500,39527,19636,19891,9508,4956,4552,10479,5106,5373,12829,6456,6373,6042,2913,3129,669,205,464
2820066000,21097,10822,10275,3006,1591,1415,5074,2779,2295,7436,3810,3626,4812,2384,2428,769,258,511
2820069000,32014,16151,15863,6146,3170,2976,8313,4446,3867,11347,5720,5627,5395,2558,2837,813,257,556
2820070000,32974,16670,16304,5560,2889,2671,9165,5047,4118,11206,5628,5578,5950,2758,3192,1093,348,745
2820071000,41336,20436,20900,9934,5017,4917,9778,4836,4942,15539,7710,7829,5319,2635,2684,766,238,528
2814000000,61486,30998,30488,8378,4353,4025,13131,7078,6053,19651,10522,9129,16884,7899,8985,3442,1146,2296
2814051000,6940,3580,3360,998,532,466,1489,822,667,2335,1265,1070,1755,850,905,363,111,252
2814052500,5929,3019,2910,667,346,321,1146,623,523,1893,1035,858,1841,871,970,382,144,238
2814053000,7597,3727,3870,902,442,460,1439,776,663,2388,1299,1089,2325,1040,1285,543,170,373
2814055500,10394,5080,5314,1635,846,789,2474,1250,1224,3317,1666,1651,2560,1176,1384,408,142,266
2814057000,3561,1846,1715,298,153,145,690,394,296,1103,634,469,1186,571,615,284,94,190
2814058000,1571,764,807,188,89,99,298,165,133,471,246,225,488,231,257,126,33,93
2814059000,2722,1403,1319,220,114,106,450,285,165,790,454,336,1005,462,543,257,88,169
2814060500,7529,3850,3679,1024,543,481,1543,875,668,2469,1313,1156,2083,976,1107,410,143,267
2814061000,6132,3176,2956,1101,561,540,1813,971,842,2019,1071,948,1067,523,544,132,50,82
2814063000,6203,3105,3098,1073,584,489,1285,645,640,2025,1070,955,1520,709,811,300,97,203
2814064000,2908,1448,1460,272,143,129,504,272,232,841,469,372,1054,490,564,237,74,163
2817700000,407464,205283,202181,57624,29622,28002,112739,60018,52721,130902,67710,63192,90181,42355,47826,16018,5578,10440
2817751000,14726,7424,7302,2002,1019,983,4086,2193,1893,4581,2437,2144,3377,1561,1816,680,214,466
2817752000,13855,6900,6955,1875,969,906,4476,2274,2202,4220,2196,2024,2700,1279,1421,584,182,402
2817753000,16409,8237,8172,2283,1197,1086,4249,2260,1989,5159,2654,2505,3961,1862,2099,757,264,493
2817754000,17411,9471,7940,1539,820,719,5865,3680,2185,4662,2552,2110,4460,2079,2381,885,340,545
2817755000,17948,9006,8942,2597,1374,1223,5331,2745,2586,5352,2750,2602,3974,1893,2081,694,244,450
2817756000,7642,4051,3591,599,317,282,1922,1147,775,2273,1311,962,2334,1082,1252,514,194,320
2817757000,47690,23646,24044,8708,4472,4236,12979,6591,6388,16141,8074,8067,8460,4015,4445,1402,494,908
2817758000,32105,15995,16110,5677,2928,2749,7559,3936,3623,11325,5668,5657,6515,3098,3417,1029,365,664
2817759000,18265,8956,9309,2617,1325,1292,4325,2315,2010,6066,3004,3062,4391,2017,2374,866,295,571
2817760000,23296,11636,11660,3088,1573,1515,6741,3504,3237,7414,3826,3588,5132,2398,2734,921,335,586
2817761000,33023,16792,16231,5763,2957,2806,9544,5023,4521,10276,5361,4915,6422,3110,3312,1018,341,677
2817762000,20533,10784,9749,2017,1041,976,8464,4492,3972,6295,3460,2835,3257,1605,1652,500,186,314
2817763000,16785,8460,8325,2000,1034,966,4187,2246,1941,5235,2775,2460,4510,2106,2404,853,299,554
2817764000,8762,4459,4303,1050,556,494,2148,1181,967,2751,1450,1301,2390,1130,1260,423,142,281
2817765000,13460,6752,6708,1314,641,673,3117,1725,1392,4061,2192,1869,4172,1908,2264,796,286,510
2817766000,20674,10358,10316,2370,1173,1197,6144,3340,2804,6579,3391,3188,4748,2194,2554,833,260,573
2817767000,21988,10978,11010,3659,1890,1769,6111,3131,2980,7037,3662,3375,4416,2019,2397,765,276,489
2817768000,12524,6094,6430,1392,735,657,2710,1468,1242,4088,2020,2068,3650,1630,2020,684,241,443
2817769000,20995,10240,10755,2951,1479,1472,5217,2769,2448,7008,3428,3580,4987,2272,2715,832,292,540
2817770000,15123,7387,7736,2205,1143,1062,3725,1886,1839,4863,2353,2510,3743,1806,1937,587,199,388
2817771000,14250,7657,6593,1918,979,939,3839,2112,1727,5516,3146,2370,2582,1291,1291,395,129,266
2823700000,486765,240348,246417,71858,37036,34822,133266,68550,64716,162799,80669,82130,101939,48598,53341,16903,5495,11408
2823751000,36682,17662,19020,4977,2469,2508,11613,5816,5797,11720,5629,6091,7103,3287,3816,1269,461,808
2823752000,14921,7441,7480,1911,957,954,4072,2174,1898,4911,2511,2400,3490,1611,1879,537,188,349
2823753000,12746,6353,6393,1412,740,672,3260,1735,1525,4100,2109,1991,3336,1574,1762,638,195,443
2823754000,36983,18276,18707,4700,2437,2263,12646,6395,6251,11627,5788,5839,6897,3280,3617,1113,376,737
2823755000,31745,15644,16101,4484,2240,2244,10769,5469,5300,10176,5162,5014,5449,2480,2969,867,293,574
2823756000,14975,7375,7600,1895,1019,876,4381,2143,2238,4851,2457,2394,3258,1542,1716,590,214,376
2823757000,11697,5892,5805,1390,743,647,2861,1548,1313,3819,1964,1855,3091,1469,1622,536,168,368
2823758000,31200,15363,15837,6214,3224,2990,7357,3714,3643,11000,5298,5702,5816,2843,2973,813,284,529
2823758100,22079,10713,11366,3104,1645,1459,5066,2649,2417,7007,3384,3623,5680,2660,3020,1222,375,847
2823758200,17762,8489,9273,2830,1456,1374,4634,2341,2293,5996,2760,3236,3611,1711,1900,691,221,470
2823759100,6913,3709,3204,783,380,403,1687,947,740,2484,1414,1070,1720,900,820,239,68,171
2823759200,35302,17630,17672,5612,2950,2662,10018,5130,4888,11738,5890,5848,6887,3313,3574,1047,347,700
2823764100,16570,8399,8171,2053,1090,963,4725,2544,2181,5656,2869,2787,3599,1723,1876,537,173,364
2823764200,18724,9088,9636,2464,1259,1205,4973,2580,2393,5870,2779,3091,4644,2264,2380,773,206,567
2823764600,33290,16284,17006,5501,2826,2675,8275,4291,3984,11769,5734,6035,6516,3113,3403,1229,320,909
2823764800,28818,13953,14865,6313,3211,3102,6538,3250,3288,10894,5216,5678,4355,2066,2289,718,210,508
2823765000,16165,8115,8050,1817,935,882,3946,2112,1834,5164,2700,2464,4547,2125,2422,691,243,448
2823766000,20059,9814,10245,3185,1590,1595,5571,2836,2735,6680,3257,3423,4020,1918,2102,603,213,390
2823766100,30754,14788,15966,4812,2464,2348,8492,4205,4287,10897,5133,5764,5643,2726,2917,910,260,650
2823767000,12565,6412,6153,1995,1077,918,3287,1795,1492,3895,1940,1955,2978,1457,1521,410,143,267
2823768000,13933,7072,6861,1880,1003,877,3349,1777,1572,4732,2474,2258,3383,1606,1777,589,212,377
2823769000,22882,11876,11006,2526,1321,1205,5746,3099,2647,7813,4201,3612,5916,2930,2986,881,325,556
2826000000,555380,280398,274982,106458,54715,51743,152929,78550,74379,192883,98253,94630,90083,44790,45293,13027,4090,8937
2826051500,45483,23207,22276,8588,4475,4113,14209,7332,6877,15697,8087,7610,6209,3057,3152,780,256,524
2826053000,40677,20729,19948,5506,2798,2708,11267,6117,5150,14400,7302,7098,8055,4030,4025,1449,482,967
2826053600,31513,15713,15800,8124,4169,3955,9503,4703,4800,10752,5366,5386,2774,1362,1412,360,113,247
2826053700,48916,24270,24646,12848,6665,6183,13347,6418,6929,17149,8509,8640,5003,2496,2507,569,182,387
2826053900,31609,15650,15959,8733,4431,4302,8929,4291,4638,10763,5381,5382,2906,1487,1419,278,60,218
2826054200,28007,14059,13948,5339,2816,2523,7854,3921,3933,9218,4712,4506,4930,2419,2511,666,191,475
2826054300,6505,3393,3112,693,346,347,1928,1058,870,2302,1209,1093,1417,741,676,165,39,126
2826054400,9616,4811,4805,1096,559,537,2687,1435,1252,3425,1654,1771,2115,1088,1027,293,75,218
2826055000,22322,11493,10829,2600,1347,1253,5976,3306,2670,7618,3983,3635,5404,2658,2746,724,199,525
2826056000,13044,6771,6273,1502,789,713,3109,1741,1368,4479,2342,2137,3467,1741,1726,487,158,329
2826056100,13825,7011,6814,1677,866,811,3633,2019,1614,4806,2442,2364,3229,1554,1675,480,130,350
2826057500,31643,15810,15833,5587,2804,2783,8252,4228,4024,10769,5409,5360,6338,3166,3172,697,203,494
2826058000,12442,6615,5827,1470,756,714,3407,1916,1491,4285,2371,1914,2863,1438,1425,417,134,283
2826059000,19994,9750,10244,3100,1589,1511,5235,2706,2529,6801,3194,3607,4240,2085,2155,618,176,442
2826060000,16604,8446,8158,1864,963,901,4189,2255,1934,5520,2814,2706,4331,2171,2160,700,243,457
2826061000,10502,5439,5063,1447,745,702,2801,1459,1342,3432,1822,1610,2458,1302,1156,364,111,253
2826068000,32853,16973,15880,5797,2964,2833,9148,4893,4255,11664,6135,5529,5419,2732,2687,825,249,576
2826069000,22596,11506,11090,4366,2247,2119,5281,2794,2487,8472,4393,4079,3737,1792,1945,740,280,460
2826070000,23987,12143,11844,5615,2922,2693,5811,2933,2878,9143,4767,4376,2887,1338,1549,531,183,348
2826071000,27799,13838,13961,5867,3009,2858,8060,4010,4050,9951,4995,4956,3396,1629,1767,525,195,330
2826072000,25551,13022,12529,4950,2532,2418,6524,3317,3207,9007,4669,4338,4373,2290,2083,697,214,483
2826073000,22801,11232,11569,5018,2537,2481,5836,2885,2951,8234,4067,4167,3196,1576,1620,517,167,350
2826074000,17091,8517,8574,4671,2386,2285,5943,2813,3130,4996,2630,2366,1336,638,698,145,50,95
2818500000,389644,193417,196227,80208,41009,39199,107119,54128,52991,134249,66018,68231,58932,29373,29559,9136,2889,6247
2818563000,19332,9569,9763,3100,1608,1492,4720,2505,2215,6771,3309,3462,3978,1880,2098,763,267,496
2818564000,20365,10043,10322,3489,1773,1716,5169,2673,2496,7163,3460,3703,3888,1927,1961,656,210,446
2818575000,17176,8888,8288,1896,1003,893,4543,2576,1967,5608,2862,2746,4417,2218,2199,712,229,483
2818576100,19404,10624,8780,2355,1264,1091,5454,3188,2266,7025,3913,3112,3970,2059,1911,600,200,400
2818576200,21168,10402,10766,2937,1505,1432,6401,3386,3015,6794,3256,3538,4222,2037,2185,814,218,596
2818576300,16112,7645,8467,2047,1052,995,4297,2213,2084,5051,2326,2725,3853,1828,2025,864,226,638
2818576600,24815,12866,11949,2818,1431,1387,6409,3654,2755,8617,4500,4117,5919,2942,2977,1052,339,713
2818578000,25462,12522,12940,4947,2507,2440,6928,3497,3431,8822,4167,4655,4208,2171,2037,557,180,377
2818579000,18328,8899,9429,3180,1624,1556,5150,2635,2515,6265,2913,3352,3209,1565,1644,524,162,362
2818579500,18558,9027,9531,4186,2126,2060,4239,2082,2157,6639,3129,3510,2980,1514,1466,514,176,338
2818582000,37659,18448,19211,8380,4277,4103,10713,5241,5472,12960,6187,6773,4928,2516,2412,678,227,451
2818583000,36729,18030,18699,11111,5662,5449,7838,3638,4200,14173,6954,7219,3177,1636,1541,430,140,290
2818584000,49052,24053,24999,12770,6490,6280,15141,7171,7970,16354,8089,8265,4303,2140,2163,484,163,321
2818585000,25468,12603,12865,6787,3449,3338,7302,3477,3825,8878,4438,4440,2295,1165,1130,206,74,132
2818586000,40016,19798,20218,10205,5238,4967,12815,6192,6623,13129,6515,6614,3585,1775,1810,282,78,204
2872000000,20342,11598,8744,1977,1051,926,4405,3033,1372,5751,3455,2296,6765,3554,3211,1444,505,939
2872031000,1166,610,556,82,37,45,153,86,67,307,175,132,525,279,246,99,33,66
2872031500,985,525,460,49,27,22,108,71,37,313,180,133,434,223,211,81,24,57
2872033000,4969,2927,2042,587,295,292,1560,1114,446,1269,784,485,1230,629,601,323,105,218
2872034000,1179,676,503,109,58,51,279,198,81,306,182,124,395,195,200,90,43,47
2872034500,220,137,83,5,2,3,58,51,7,40,28,12,100,52,48,17,4,13
2872035000,1894,1034,860,135,81,54,214,128,86,502,310,192,827,438,389,216,77,139
2872036000,6561,3671,2890,714,390,324,1198,773,425,2056,1170,886,2225,1198,1027,368,140,228
2872037000,947,509,438,51,27,24,115,68,47,284,179,105,394,201,193,103,34,69
2872037500,373,194,179,26,13,13,43,25,18,101,59,42,158,87,71,45,10,35
2872038000,2048,1315,733,219,121,98,677,519,158,573,388,185,477,252,225,102,35,67
2811000000,143633,74679,68954,24808,12786,12022,40931,21717,19214,46464,25509,20955,26687,13028,13659,4743,1639,3104
2811052000,6145,3326,2819,542,275,267,1244,732,512,2002,1192,810,1997,1009,988,360,118,242
2811053000,5086,2595,2491,579,314,265,1036,567,469,1644,894,750,1450,690,760,377,130,247
2811054000,13241,6734,6507,1912,987,925,3153,1688,1465,4260,2269,1991,3302,1575,1727,614,215,399
2811056000,3925,2001,1924,360,188,172,769,444,325,1230,671,559,1317,612,705,249,86,163
2811057000,3192,1644,1548,253,132,121,609,349,260,1062,601,461,1064,500,564,204,62,142
2811058500,5818,3083,2735,467,240,227,1231,686,545,1817,1079,738,1830,926,904,473,152,321
2811061500,7022,3518,3504,677,337,340,1415,791,624,2189,1206,983,2287,1040,1247,454,144,310
2811062000,19131,10455,8676,2732,1414,1318,5509,3157,2352,6409,3638,2771,3879,2037,1842,602,209,393
2811062200,44046,22118,21928,12063,6153,5910,12332,6027,6305,14611,7632,6979,4517,2122,2395,523,184,339
2811062800,32080,17008,15072,5040,2659,2381,13111,6942,6169,9941,5521,4420,3379,1642,1737,609,244,365
2811063000,3947,2197,1750,183,87,96,522,334,188,1299,806,493,1665,875,790,278,95,183
4681000000,33753,16359,17394,3935,1993,1942,4942,2685,2257,9058,4963,4095,11517,5467,6050,4301,1251,3050
4681025000,13256,6394,6862,2187,1091,1096,2605,1376,1229,3956,1992,1964,3555,1662,1893,953,273,680
4681031000,4407,2134,2273,570,301,269,693,377,316,1185,629,556,1382,670,712,577,157,420
4681032000,2232,1081,1151,161,77,84,235,131,104,551,317,234,902,432,470,383,124,259
4681033000,1120,535,585,67,30,37,105,62,43,274,171,103,487,222,265,187,50,137
4681034000,2435,1180,1255,175,93,82,207,124,83,535,319,216,1067,520,547,451,124,327
4681035000,1765,855,910,154,71,83,140,75,65,442,261,181,732,358,374,297,90,207
4681036000,2748,1355,1393,201,99,102,339,198,141,645,379,266,1122,547,575,441,132,309
4681037000,1811,886,925,96,54,42,185,110,75,439,272,167,728,341,387,363,109,254
4681038000,1595,753,842,116,61,55,152,81,71,393,231,162,634,291,343,300,89,211
4681039000,620,309,311,59,36,23,55,27,28,148,102,46,227,110,117,131,34,97
4681040000,1764,877,887,149,80,69,226,124,102,490,290,200,681,314,367,218,69,149
4677000000,62762,30569,32193,6084,3187,2897,7262,4105,3157,15894,9077,6817,24317,11453,12864,9205,2747,6458
4677025000,12432,6133,6299,2381,1252,1129,2313,1209,1104,3820,1992,1828,3114,1432,1682,804,248,556
4677025300,9629,4718,4911,1216,627,589,1387,750,637,2754,1480,1274,3429,1589,1840,843,272,571
4677025400,609,303,306,50,24,26,43,22,21,65,33,32,261,137,124,190,87,103
4677025500,223,116,107,12,5,7,25,19,6,73,52,21,75,33,42,38,7,31
4677031000,3085,1524,1561,150,79,71,240,158,82,666,445,221,1423,658,765,606,184,422
4677032000,2904,1402,1502,185,89,96,276,166,110,684,405,279,1195,582,613,564,160,404
4677033000,4252,2076,2176,289,151,138,355,216,139,985,575,410,1870,867,1003,753,267,486
4677034000,3798,1839,1959,239,109,130,321,194,127,912,530,382,1653,810,843,673,196,477
4677035000,4827,2337,2490,324,165,159,414,251,163,1206,712,494,2057,937,1120,826,272,554
4677036000,1857,919,938,135,66,69,133,78,55,429,279,150,822,396,426,338,100,238
4677037000,2638,1251,1387,129,62,67,190,121,69,599,364,235,1185,573,612,535,131,404
4677038000,3276,1563,1713,191,111,80,350,197,153,778,455,323,1354,632,722,603,168,435
4677039000,2260,1074,1186,142,80,62,225,129,96,478,285,193,1061,489,572,354,91,263
4677040000,3076,1496,1580,212,114,98,346,194,152,717,433,284,1276,616,660,525,139,386
4677041000,2221,1089,1132,131,79,52,193,126,67,470,286,184,976,482,494,451,116,335
4677042000,2976,1408,1568,154,88,66,208,128,80,624,377,247,1336,624,712,654,191,463
4677044000,1251,590,661,66,38,28,103,61,42,278,161,117,581,269,312,223,61,162
4677045000,1448,731,717,78,48,30,140,86,54,356,213,143,649,327,322,225,57,168
4672000000,27535,13540,13995,2823,1499,1324,3792,2057,1735,7639,4256,3383,9400,4589,4811,3881,1139,2742
4672025000,7788,3767,4021,1075,559,516,1350,684,666,2315,1229,1086,2262,1061,1201,786,234,552
4672031000,1852,915,937,177,90,87,196,120,76,443,258,185,728,349,379,308,98,210
4672032000,1667,820,847,108,58,50,164,103,61,421,239,182,654,328,326,320,92,228
4672033000,2293,1084,1209,173,102,71,236,126,110,614,333,281,834,402,432,436,121,315
4672034000,1307,644,663,48,25,23,130,81,49,322,191,131,546,267,279,261,80,181
4672035000,1882,919,963,118,70,48,205,110,95,482,260,222,774,397,377,303,82,221
4672036000,1155,576,579,74,39,35,118,71,47,277,171,106,469,230,239,217,65,152
4672037000,4110,2056,2054,598,310,288,736,393,343,1215,654,561,1164,577,587,397,122,275
4672038000,2400,1217,1183,246,134,112,301,171,130,747,446,301,749,366,383,357,100,257
4672039000,1670,821,849,120,63,57,181,97,84,440,269,171,642,305,337,287,87,200
4672040000,1411,721,690,86,49,37,175,101,74,363,206,157,578,307,271,209,58,151
4623000000,150531,78626,71905,28304,14562,13742,37319,20924,16395,52545,27970,24575,26707,13498,13209,5656,1672,3984
4623025000,48325,24763,23562,9180,4741,4439,11530,6152,5378,16321,8630,7691,9345,4670,4675,1949,570,1379
4623031000,2147,1115,1032,192,122,70,315,191,124,629,361,268,727,351,376,284,90,194
4623032000,3034,1499,1535,199,99,100,388,219,169,863,477,386,1141,573,568,443,131,312
4623033000,4979,2565,2414,532,274,258,1102,639,463,1678,881,797,1296,646,650,371,125,246
4623034000,2736,1382,1354,167,100,67,330,195,135,720,430,290,1067,516,551,452,141,311
4623035000,2747,1365,1382,151,74,77,324,193,131,707,445,262,1150,532,618,415,121,294
4623036000,1755,881,874,123,61,62,199,121,78,465,273,192,720,345,375,248,81,167
4623051500,3732,1998,1734,755,388,367,1204,666,538,907,547,360,625,319,306,241,78,163
4623053000,56257,29637,26620,12935,6619,6316,15798,8779,7019,21266,11151,10115,5593,2899,2694,665,189,476
4623054000,11717,6197,5520,1916,971,945,2659,1529,1130,4487,2437,2050,2360,1193,1167,295,67,228
4623055000,11398,6286,5112,1997,1035,962,3169,2032,1137,3971,2011,1960,2131,1173,958,130,35,95
4623057000,1704,938,766,157,78,79,301,208,93,531,327,204,552,281,271,163,44,119
4673000000,25235,12285,12950,2798,1421,1377,3388,1837,1551,7262,3984,3278,8691,4088,4603,3096,955,2141
4673025000,10730,5215,5515,1664,844,820,1805,945,860,3308,1693,1615,3061,1442,1619,892,291,601
4673031000,1268,640,628,97,54,43,126,70,56,370,210,160,480,238,242,195,68,127
4673032000,1491,730,761,105,46,59,155,82,73,412,249,163,596,280,316,223,73,150
4673033000,2513,1237,1276,185,93,92,241,146,95,732,411,321,997,477,520,358,110,248
4673034000,2614,1280,1334,265,147,118,331,172,159,753,437,316,925,428,497,340,96,244
4673035000,2243,1069,1174,162,81,81,222,129,93,524,311,213,920,431,489,415,117,298
4673036000,1432,691,741,81,47,34,181,106,75,365,205,160,561,258,303,244,75,169
4673037000,2944,1423,1521,239,109,130,327,187,140,798,468,330,1151,534,617,429,125,304
4617000000,116726,58906,57820,19488,10038,9450,26636,13989,12647,34154,18796,15358,28358,13687,14671,8090,2396,5694
4617025000,12040,6051,5989,1854,947,907,2672,1407,1265,3653,1960,1693,3152,1526,1626,709,211,498
4617031000,2563,1293,1270,171,88,83,300,169,131,651,411,240,1056,522,534,385,103,282
4617032000,2838,1484,1354,173,96,77,390,240,150,738,466,272,1106,557,549,431,125,306
4617033000,1410,697,713,64,30,34,150,104,46,359,212,147,598,296,302,239,55,184
4617034000,2246,1139,1107,184,96,88,247,148,99,554,344,210,920,451,469,341,100,241
4617035000,2406,1196,1210,115,59,56,263,163,100,550,343,207,1068,514,554,410,117,293
4617036000,3551,1795,1756,205,117,88,420,258,162,891,532,359,1503,733,770,532,155,377
4617037000,1901,932,969,79,39,40,189,112,77,454,285,169,826,395,431,353,101,252
4617038000,4515,2326,2189,231,131,100,557,323,234,1209,750,459,1853,932,921,665,190,475
4617039000,4174,2191,1983,301,162,139,634,381,253,1135,704,431,1637,791,846,467,153,314
4617040000,3317,1739,1578,203,101,102,485,287,198,990,620,370,1253,622,631,386,109,277
4617042000,1861,960,901,81,40,41,190,106,84,503,310,193,801,413,388,286,91,195
4617043000,4138,2142,1996,255,145,110,490,282,208,1063,679,384,1742,860,882,588,176,412
4617051000,7811,3881,3930,1404,711,693,2198,1196,1002,2532,1295,1237,1356,585,771,321,94,227
4617052000,2652,1312,1340,316,161,155,571,315,256,835,446,389,736,332,404,194,58,136
4617054000,4859,2440,2419,556,329,227,872,471,401,1385,734,651,1600,741,859,446,165,281
4617055000,8709,4390,4319,1549,820,729,2150,1163,987,2779,1430,1349,1814,836,978,417,141,276
4617058000,3155,1585,1570,306,155,151,448,239,209,852,507,345,1178,576,602,371,108,263
4617060000,3334,1795,1539,292,143,149,650,382,268,995,635,360,1130,567,563,267,68,199
4617062000,39246,19558,19688,11149,5668,5481,12760,6243,6517,12026,6133,5893,3029,1438,1591,282,76,206
4671000000,46180,23428,22752,5162,2605,2557,8077,4510,3567,13310,7460,5850,14914,7367,7547,4717,1486,3231
4671025000,15164,7645,7519,2381,1206,1175,3286,1773,1513,4483,2405,2078,3928,1897,2031,1086,364,722
4671031000,2750,1410,1340,231,117,114,401,218,183,797,482,315,1013,479,534,308,114,194
4671032000,3108,1576,1532,249,120,129,463,262,201,881,488,393,1199,611,588,316,95,221
4671033500,1202,606,596,71,30,41,150,75,75,340,198,142,467,246,221,174,57,117
4671034000,3590,1815,1775,351,171,180,515,291,224,1008,575,433,1289,636,653,427,142,285
4671035000,1890,988,902,148,87,61,276,150,126,555,316,239,691,368,323,220,67,153
4671036000,2647,1459,1188,145,71,74,626,482,144,624,359,265,901,439,462,351,108,243
4671037000,2568,1306,1262,187,92,95,364,208,156,691,423,268,951,464,487,375,119,256
4671038000,1816,913,903,133,68,65,248,125,123,496,287,209,726,358,368,213,75,138
4671039000,2414,1216,1198,212,104,108,330,167,163,676,390,286,926,475,451,270,80,190
4671040000,4677,2349,2328,527,290,237,746,402,344,1444,782,662,1476,740,736,484,135,349
4671041000,4354,2145,2209,527,249,278,672,357,315,1315,755,560,1347,654,693,493,130,363
4611000000,218589,108808,109781,40149,20604,19545,49816,26350,23466,72035,36832,35203,47938,22182,25756,8651,2840,5811
4611051000,10218,5121,5097,1058,544,514,1889,1071,818,3029,1639,1390,3566,1617,1949,676,250,426
4611052000,5015,2517,2498,490,256,234,882,497,385,1480,830,650,1862,837,1025,301,97,204
4611053500,4578,2327,2251,435,213,222,710,427,283,1389,834,555,1636,725,911,408,128,280
4611054500,9402,4559,4843,1677,846,831,2083,1090,993,3079,1504,1575,2159,998,1161,404,121,283
4611055400,10472,5165,5307,2756,1427,1329,3000,1486,1514,3189,1580,1609,1322,612,710,205,60,145
4611055800,12592,6181,6411,2276,1165,1111,2896,1580,1316,4368,2186,2182,2614,1130,1484,438,120,318
4611056500,4938,2439,2499,901,463,438,1121,571,550,1575,821,754,1108,512,596,233,72,161
4611059500,7399,3764,3635,581,291,290,1203,686,517,2207,1256,951,2773,1312,1461,635,219,416
4611064000,5208,2719,2489,460,238,222,880,517,363,1486,878,608,1982,917,1065,400,169,231
4611064500,5945,2918,3027,964,473,491,1214,641,573,1820,932,888,1685,775,910,262,97,165
4611065500,2740,1462,1278,159,81,78,351,218,133,837,536,301,1157,538,619,236,89,147
4611066000,3970,2119,1851,314,172,142,625,400,225,1125,733,392,1521,711,810,385,103,282
4611069500,3023,1563,1460,334,153,181,500,302,198,899,542,357,1053,499,554,237,67,170
4611070500,9067,4540,4527,1555,804,751,1939,1072,867,3025,1552,1473,2173,981,1192,375,131,244
4611074500,16799,8257,8542,3904,1996,1908,3693,1913,1780,5655,2826,2829,2975,1329,1646,572,193,379
4611075000,10683,5264,5419,2355,1230,1125,2237,1162,1075,3454,1692,1762,2229,1024,1205,408,156,252
4611075600,21265,10430,10835,4100,2124,1976,4950,2634,2316,6990,3399,3591,4471,2062,2409,754,211,543
4611075700,11744,6062,5682,1830,981,849,3685,1907,1778,4005,2132,1873,1931,959,972,293,83,210
4611075800,16363,8132,8231,2966,1524,1442,4377,2302,2075,5666,2743,2923,2907,1414,1493,447,149,298
4611078000,4676,2336,2340,818,425,393,1042,542,500,1536,792,744,1082,518,564,198,59,139
4611079000,11313,5439,5874,2625,1308,1317,2744,1343,1401,3976,1884,2092,1702,794,908,266,110,156
4611080000,8152,3978,4174,1421,728,693,2107,1081,1026,2875,1414,1461,1492,662,830,257,93,164
4611081000,23027,11516,11511,6170,3162,3008,5688,2908,2780,8370,4127,4243,2538,1256,1282,261,63,198
4684000000,91107,45753,45354,17870,9135,8735,20641,10717,9924,28027,14998,13029,19460,9433,10027,5109,1470,3639
4684025000,10946,5488,5458,1849,969,880,2273,1255,1018,3485,1820,1665,2744,1270,1474,595,174,421
4684025300,16432,8185,8247,4213,2133,2080,3936,1943,1993,4681,2550,2131,2835,1344,1491,767,215,552
4684025600,5442,2877,2565,447,219,228,826,469,357,1652,972,680,2010,1070,940,507,147,360
4684025800,34777,17201,17576,9665,4940,4725,10423,5143,5280,11776,5823,5953,2595,1205,1390,318,90,228
4684032000,3088,1542,1546,174,89,85,379,233,146,835,500,335,1193,583,610,507,137,370
4684033000,6291,3256,3035,579,303,276,1121,659,462,1788,1034,754,2169,1076,1093,634,184,450
4684034000,4512,2292,2220,265,123,142,544,327,217,1208,761,447,1895,916,979,600,165,435
4684035000,1920,992,928,132,72,60,236,132,104,517,313,204,818,407,411,217,68,149
4684036000,4826,2448,2378,319,177,142,552,346,206,1258,739,519,2039,985,1054,658,201,457
4684037000,2873,1472,1401,227,110,117,351,210,141,827,486,341,1162,577,585,306,89,217
4678000000,39375,19221,20154,3998,2060,1938,5044,2815,2229,10404,5862,4542,14205,6762,7443,5724,1722,4002
4678025000,8866,4338,4528,1416,708,708,1661,882,779,2655,1377,1278,2366,1114,1252,768,257,511
4678025300,11474,5598,5876,1244,651,593,1449,795,654,3022,1708,1314,4247,1981,2266,1512,463,1049
4678031000,1089,525,564,60,34,26,108,64,44,248,152,96,426,221,205,247,54,193
4678032000,1417,707,710,93,52,41,158,96,62,346,214,132,564,275,289,256,70,186
4678033000,1143,553,590,73,37,36,101,54,47,280,166,114,437,224,213,252,72,180
4678034000,1177,579,598,97,55,42,114,69,45,287,179,108,440,206,234,239,70,169
4678035000,1641,781,860,127,65,62,164,86,78,381,222,159,652,324,328,317,84,233
4678036000,893,456,437,66,28,38,71,46,25,241,156,85,356,181,175,159,45,114
4678037000,3633,1745,1888,263,146,117,372,212,160,882,524,358,1493,683,810,623,180,443
4678038000,2731,1337,1394,172,86,86,247,146,101,671,413,258,1127,535,592,514,157,357
4678038500,1226,592,634,108,58,50,164,101,63,327,162,165,460,222,238,167,49,118
4678039000,3016,1489,1527,226,110,116,318,192,126,819,444,375,1208,597,611,445,146,299
4678040000,1069,521,548,53,30,23,117,72,45,245,145,100,429,199,230,225,75,150
4615000000,281436,140466,140970,51982,26844,25138,69502,36880,32622,91704,45782,45922,55811,27071,28740,12437,3889,8548
4615025000,2640,1306,1334,159,86,73,297,171,126,680,411,269,1037,512,525,467,126,341
4615031000,4464,2308,2156,307,157,150,610,366,244,1273,787,486,1669,817,852,605,181,424
4615031500,17902,8827,9075,3797,1962,1835,5167,2719,2448,6748,3168,3580,1869,886,983,321,92,229
4615031600,33227,16919,16308,10934,5719,5215,9616,4797,4819,10688,5474,5214,1802,888,914,187,41,146
4615032000,12836,6423,6413,1895,1014,881,2734,1436,1298,4055,2120,1935,3331,1624,1707,821,229,592
4615033000,2919,1477,1442,150,76,74,273,169,104,651,422,229,1287,635,652,558,175,383
4615034000,1791,857,934,98,42,56,203,101,102,431,251,180,776,390,386,283,73,210
4615035000,3107,1563,1544,165,92,73,306,198,108,724,449,275,1335,645,690,577,179,398
4615036000,1481,766,715,42,27,15,124,80,44,384,245,139,637,332,305,294,82,212
4615037000,848,412,436,54,27,27,71,45,26,188,120,68,361,184,177,174,36,138
4615038000,3190,1557,1633,217,117,100,362,202,160,713,392,321,1401,690,711,497,156,341
4615039000,5484,2737,2747,398,201,197,674,394,280,1418,829,589,2096,1044,1052,898,269,629
4615040000,2861,1470,1391,196,114,82,442,275,167,805,436,369,1059,529,530,359,116,243
4615051500,3590,1758,1832,388,195,193,610,343,267,937,497,440,1337,636,701,318,87,231
4615054000,6791,3365,3426,996,523,473,1972,1042,930,1803,906,897,1628,751,877,392,143,249
4615055000,25627,12583,13044,4515,2277,2238,6816,3631,3185,8189,3892,4297,5253,2507,2746,854,276,578
4615056000,6188,3112,3076,838,449,389,1370,735,635,1947,1009,938,1702,800,902,331,119,212
4615057000,43779,21865,21914,8258,4219,4039,11223,6081,5142,15418,7351,8067,7861,3887,3974,1019,327,692
4615058000,7640,3798,3842,903,482,421,1601,864,737,2248,1161,1087,2402,1093,1309,486,198,288
4615059000,8668,4384,4284,977,521,456,1801,1001,800,2636,1400,1236,2736,1261,1475,518,201,317
4615060000,2679,1304,1375,269,136,133,535,292,243,690,345,345,960,424,536,225,107,118
4615061000,2207,1158,1049,137,72,65,434,242,192,672,394,278,804,383,421,160,67,93
4615062000,2895,1469,1426,265,137,128,610,340,270,852,451,401,959,462,497,209,79,130
4615063500,18260,9205,9055,3715,1941,1774,4496,2366,2130,5943,3018,2925,3385,1670,1715,721,210,511
4615066100,41011,20296,20715,8222,4223,3999,11570,6019,5551,14456,6915,7541,5872,2898,2974,891,241,650
4615066500,19351,9547,9804,4087,2035,2052,5585,2971,2614,7155,3339,3816,2252,1123,1129,272,79,193
4691000000,38217,20455,17762,3369,1725,1644,5007,3103,1904,11005,6969,4036,14179,7287,6892,4657,1371,3286
4691025000,4198,2206,1992,355,188,167,519,318,201,1169,724,445,1621,822,799,534,154,380
4691025100,234,120,114,11,5,6,25,17,8,60,40,20,95,47,48,43,11,32
4691025300,5672,3092,2580,484,238,246,840,524,316,1669,1019,650,2108,1117,991,571,194,377
4691025400,226,114,112,14,6,8,19,15,4,52,33,19,116,55,61,25,5,20
4691025500,217,124,93,19,13,6,19,15,4,51,34,17,98,49,49,30,13,17
4691031000,1455,802,653,79,38,41,167,114,53,465,320,145,537,266,271,207,64,143
4691031500,312,178,134,21,13,8,37,25,12,92,65,27,129,61,68,33,14,19
4691032000,3190,1687,1503,393,196,197,418,248,170,983,621,362,1108,551,557,288,71,217
4691033000,2285,1214,1071,158,85,73,269,173,96,645,389,256,913,453,460,300,114,186
4691034000,3459,1837,1622,315,166,149,414,244,170,1008,640,368,1312,670,642,410,117,293
4691035000,2467,1264,1203,306,142,164,317,201,116,650,389,261,855,441,414,339,91,248
4691035500,219,127,92,14,10,4,19,7,12,90,62,28,76,46,30,20,2,18
4691036000,2173,1221,952,168,92,76,345,221,124,712,474,238,706,373,333,242,61,181
4691036500,426,269,157,33,20,13,89,64,25,172,124,48,107,54,53,25,7,18
4691036600,193,114,79,27,15,12,26,18,8,57,42,15,62,35,27,21,4,17
4691036700,448,251,197,42,20,22,84,51,33,180,119,61,110,54,56,32,7,25
4691036800,300,178,122,26,11,15,43,29,14,99,74,25,106,60,46,26,4,22
4691037000,1699,912,787,161,83,78,208,121,87,496,321,175,617,327,290,217,60,157
4691038000,1529,830,699,166,81,85,251,148,103,477,304,173,493,261,232,142,36,106
4691039000,1520,807,713,138,64,74,150,97,53,385,261,124,624,317,307,223,68,155
4691040000,2752,1433,1319,211,113,98,379,223,156,668,427,241,1064,541,523,430,129,301
4691040500,285,154,131,23,13,10,46,28,18,74,43,31,111,62,49,31,8,23
4691041000,969,485,484,47,25,22,99,68,31,230,134,96,427,215,212,166,43,123
4691042000,1989,1036,953,158,88,70,224,134,90,521,310,211,784,410,374,302,94,208
4613000000,276762,141074,135688,45170,23139,22031,62337,34524,27813,88732,46732,42000,67449,32496,34953,13074,4183,8891
4613025000,2607,1308,1299,129,62,67,292,176,116,651,386,265,1165,557,608,370,127,243
4613025100,8573,4487,4086,1191,624,567,1493,853,640,2661,1518,1143,2645,1282,1363,583,210,373
4613025200,1918,934,984,99,50,49,228,129,99,441,253,188,854,413,441,296,89,207
4613031000,21526,11006,10520,4342,2262,2080,4972,2648,2324,7124,3708,3416,4198,2100,2098,890,288,602
4613032000,6161,3203,2958,531,286,245,852,490,362,1689,1062,627,2326,1125,1201,763,240,523
4613033000,6373,3278,3095,389,211,178,884,518,366,1739,1037,702,2560,1282,1278,801,230,571
4613034000,2738,1390,1348,174,88,86,234,148,86,643,409,234,1270,611,659,417,134,283
4613035000,1331,663,668,43,20,23,115,70,45,271,171,100,634,331,303,268,71,197
4613035600,788,395,393,55,29,26,67,37,30,199,125,74,339,166,173,128,38,90
4613036000,2031,1143,888,138,72,66,266,168,98,636,405,231,805,433,372,186,65,121
4613051500,4579,2308,2271,498,240,258,885,506,379,1217,685,532,1666,773,893,313,104,209
4613053500,3071,1525,1546,282,138,144,648,349,299,775,440,335,1125,501,624,241,97,144
4613057000,4243,2126,2117,386,205,181,705,407,298,1210,669,541,1673,743,930,269,102,167
4613060000,3890,1998,1892,295,157,138,612,362,250,1049,629,420,1602,731,871,332,119,213
4613062500,5927,3066,2861,461,264,197,1124,654,470,1713,972,741,2228,1037,1191,401,139,262
4613063500,3634,1788,1846,347,156,191,674,381,293,981,524,457,1349,619,730,283,108,175
4613065500,5237,2651,2586,408,193,215,834,463,371,1413,849,564,2149,977,1172,433,169,264
4613067000,11140,5606,5534,1488,756,732,2177,1241,936,3420,1773,1647,3520,1643,1877,535,193,342
4613068500,6732,3355,3377,1007,507,500,1269,682,587,2015,1024,991,2155,1033,1122,286,109,177
4613070000,18292,9042,9250,2845,1437,1408,4264,2364,1900,5896,2883,3013,4550,2122,2428,737,236,501
4613071000,20904,10516,10388,3908,2000,1908,5007,2706,2301,6832,3461,3371,4432,2137,2295,725,212,513
4613073000,11522,6160,5362,1603,843,760,2856,1690,1166,3897,2144,1753,2704,1360,1344,462,123,339
4613074000,10079,5070,5009,1816,932,884,2437,1336,1101,3499,1714,1785,2083,1005,1078,244,83,161
4613076500,10497,5283,5214,1965,1001,964,2416,1283,1133,3073,1604,1469,2595,1243,1352,448,152,296
4613078000,31956,16366,15590,6223,3159,3064,8743,4870,3873,11163,5604,5559,5126,2533,2593,701,200,501
4613079000,38337,19226,19111,9269,4780,4489,10320,5310,5010,13128,6527,6601,4962,2438,2524,658,171,487
4613080000,21111,11158,9953,2985,1483,1502,5442,3275,2167,7619,4048,3571,4346,2153,2193,719,199,520
4613081000,8125,4160,3965,2053,1067,986,1940,1023,917,2740,1455,1285,1186,553,633,206,62,144
4613082000,2290,1260,1030,166,88,78,414,276,138,698,430,268,788,398,390,224,68,156
4613083000,1150,603,547,74,29,45,167,109,58,340,223,117,414,197,217,155,45,110
4687000000,51985,25959,26026,7631,3909,3722,9253,5006,4247,14633,8141,6492,15627,7459,8168,4841,1444,3397
4687025000,21737,10678,11059,4368,2230,2138,4594,2353,2241,6741,3424,3317,4889,2309,2580,1145,362,783
4687025300,4543,2267,2276,389,203,186,578,346,232,1172,715,457,1723,797,926,681,206,475
4687025600,6597,3477,3120,1098,556,542,1566,913,653,1934,1109,825,1574,770,804,425,129,296
4687031000,1731,913,818,172,100,72,289,163,126,426,264,162,619,323,296,225,63,162
4687032000,1733,854,879,159,89,70,227,108,119,414,244,170,649,325,324,284,88,196
4687033000,1341,671,670,116,50,66,193,103,90,316,193,123,547,267,280,169,58,111
4687034000,2290,1161,1129,233,122,111,289,173,116,606,389,217,823,378,445,339,99,240
4687035000,2349,1130,1219,170,96,74,217,119,98,505,307,198,970,455,515,487,153,334
4687036000,3946,1920,2026,298,144,154,426,240,186,967,578,389,1774,838,936,481,120,361
4687037000,5146,2537,2609,591,299,292,813,450,363,1362,779,583,1811,854,957,569,155,414
4687038000,381,238,143,23,11,12,43,28,15,134,100,34,157,92,65,24,7,17
4687038500,191,113,78,14,9,5,18,10,8,56,39,17,91,51,40,12,4,8
4683000000,52937,27485,25452,7455,3880,3575,9324,5279,4045,16650,9742,6908,14720,7157,7563,4788,1427,3361
4683025000,8021,3966,4055,1293,683,610,1472,779,693,2413,1257,1156,2212,1060,1152,631,187,444
4683025300,15134,8103,7031,3248,1640,1608,3412,1795,1617,5500,3252,2248,2534,1288,1246,440,128,312
4683025400,6357,3735,2622,1118,583,535,1650,1025,625,2652,1650,1002,796,441,355,141,36,105
4683031000,1823,911,912,150,81,69,217,139,78,482,302,180,647,297,350,327,92,235
4683032000,2034,1026,1008,100,53,47,200,116,84,554,328,226,843,440,403,337,89,248
4683033000,3658,1835,1823,275,143,132,442,283,159,998,555,443,1466,699,767,477,155,322
4683034000,3441,1745,1696,226,127,99,388,245,143,874,553,321,1421,674,747,532,146,386
4683035000,2241,1156,1085,164,111,53,298,188,110,595,348,247,853,412,441,331,97,234
4683036000,3161,1532,1629,259,149,110,386,222,164,804,463,341,1224,561,663,488,137,351
4683037000,1878,907,971,147,75,72,200,116,84,433,255,178,757,355,402,341,106,235
4683038000,2984,1452,1532,321,159,162,391,207,184,776,438,338,1086,513,573,410,135,275
4683039000,2205,1117,1088,154,76,78,268,164,104,569,341,228,881,417,464,333,119,214
4689000000,48631,24475,24156,6377,3312,3065,7173,4043,3130,13787,7883,5904,16056,7641,8415,5238,1596,3642
4689025000,17987,9059,8928,3057,1606,1451,3467,1854,1613,5676,3004,2672,4776,2282,2494,1011,313,698
4689025300,3629,1835,1794,383,192,191,466,276,190,963,591,372,1346,638,708,471,138,333
4689025600,4277,2137,2140,682,352,330,596,346,250,1194,684,510,1300,613,687,505,142,363
4689029000,761,418,343,92,48,44,104,68,36,230,147,83,295,143,152,40,12,28
4689031000,3137,1572,1565,199,105,94,316,185,131,830,498,332,1340,654,686,452,130,322
4689032000,3312,1687,1625,305,144,161,383,240,143,905,544,361,1232,593,639,487,166,321
4689033000,4151,2030,2121,431,212,219,468,280,188,1015,603,412,1547,712,835,690,223,467
4689034000,2279,1158,1121,205,112,93,232,138,94,576,356,220,935,449,486,331,103,228
4689035000,2059,1008,1051,146,80,66,241,144,97,532,317,215,799,370,429,341,97,244
4689035500,221,118,103,13,8,5,13,11,2,61,41,20,86,48,38,48,10,38
4689036000,2436,1211,1225,259,130,129,290,166,124,607,381,226,944,416,528,336,118,218
4689037000,969,482,487,87,46,41,123,71,52,250,150,100,344,169,175,165,46,119
4689038000,2603,1328,1275,454,239,215,362,197,165,726,425,301,810,403,407,251,64,187
4689039000,810,432,378,64,38,26,112,67,45,222,142,80,302,151,151,110,34,76
4688000000,43365,22206,21159,5602,2876,2726,7266,4139,3127,12674,7176,5498,13359,6618,6741,4464,1397,3067
4688025000,13334,6610,6724,2160,1119,1041,2296,1211,1085,4081,2217,1864,3703,1742,1961,1094,321,773
4688031000,3639,1840,1799,576,306,270,531,266,265,1080,615,465,1107,546,561,345,107,238
4688032000,3699,1999,1700,301,150,151,686,417,269,1098,657,441,1241,659,582,373,116,257
4688033000,1785,944,841,113,50,63,243,159,84,511,315,196,652,332,320,266,88,178
4688034000,3112,1677,1435,297,172,125,413,286,127,908,528,380,1087,552,535,407,139,268
4688035000,5902,3099,2803,1151,577,574,1513,881,632,1667,943,724,1177,578,599,394,120,274
4688036000,3990,2027,1963,402,189,213,624,367,257,1268,706,562,1299,654,645,397,111,286
4688037000,1531,787,744,142,73,69,223,124,99,433,254,179,544,272,272,189,64,125
4688038000,1384,697,687,94,42,52,169,105,64,323,185,138,569,278,291,229,87,142
4688039000,2814,1406,1408,220,123,97,323,190,133,701,408,293,1076,529,547,494,156,338
4688040000,2175,1120,1055,146,75,71,245,133,112,604,348,256,904,476,428,276,88,188
4680000000,36547,17785,18762,4439,2293,2146,5382,2962,2420,9960,5492,4468,12077,5661,6416,4689,1377,3312
4680025000,14916,7289,7627,2725,1389,1336,2962,1572,1390,4484,2315,2169,3662,1691,1971,1083,322,761
4680025300,4851,2348,2503,417,230,187,570,326,244,1198,667,531,1914,888,1026,752,237,515
4680025600,3272,1573,1699,312,148,164,363,203,160,863,505,358,1233,578,655,501,139,362
4680031000,2303,1118,1185,193,104,89,254,150,104,533,315,218,913,443,470,410,106,304
4680032000,2795,1359,1436,198,118,80,336,195,141,715,410,305,1072,508,564,474,128,346
4680033000,1217,593,624,78,36,42,124,69,55,289,182,107,475,234,241,251,72,179
4680034000,2073,986,1087,129,60,69,221,128,93,513,306,207,791,374,417,419,118,301
4680035000,1028,517,511,37,19,18,93,53,40,320,192,128,427,211,216,151,42,109
4680036000,1386,679,707,95,50,45,133,68,65,368,227,141,489,236,253,301,98,203
4680037000,2706,1323,1383,255,139,116,326,198,128,677,373,304,1101,498,603,347,115,232
4690000000,30066,14908,15158,3700,1845,1855,4496,2527,1969,8356,4777,3579,10034,4769,5265,3480,990,2490
4690025000,10749,5292,5457,1947,978,969,2287,1236,1051,3273,1685,1588,2605,1208,1397,637,185,452
4690031000,2955,1493,1462,266,128,138,342,209,133,804,474,330,1135,564,571,408,118,290
4690032000,3572,1747,1825,432,213,219,470,267,203,933,539,394,1281,596,685,456,132,324
4690033000,3432,1756,1676,272,146,126,383,225,158,931,575,356,1350,650,700,496,160,336
4690034000,3388,1648,1740,282,138,144,388,210,178,891,534,357,1310,629,681,517,137,380
4690035000,3065,1474,1591,205,97,108,323,192,131,707,438,269,1297,601,696,533,146,387
4690036000,2262,1165,1097,214,101,113,233,147,86,626,406,220,841,418,423,348,93,255
4690036500,261,139,122,19,13,6,28,15,13,73,47,26,93,53,40,48,11,37
4690036600,382,194,188,63,31,32,42,26,16,118,79,39,122,50,72,37,8,29
4686000000,31274,15730,15544,3204,1703,1501,4172,2353,1819,8618,5067,3551,11104,5374,5730,4176,1233,2943
4686025000,8274,4083,4191,1262,663,599,1368,723,645,2474,1346,1128,2346,1100,1246,824,251,573
4686031000,3338,1684,1654,292,142,150,328,192,136,886,555,331,1330,631,699,502,164,338
4686032000,1785,881,904,114,57,57,210,113,97,445,271,174,737,354,383,279,86,193
4686033000,3685,1846,1839,307,170,137,440,255,185,946,570,376,1424,692,732,568,159,409
4686034000,1856,909,947,129,66,63,208,134,74,501,296,205,700,329,371,318,84,234
4686035000,3076,1596,1480,316,182,134,394,244,150,837,498,339,1082,535,547,447,137,310
4686036000,2785,1377,1408,216,112,104,342,184,158,703,413,290,1117,566,551,407,102,305
4686037000,2783,1412,1371,215,112,103,404,214,190,790,458,332,1014,513,501,360,115,245
4686038000,3692,1942,1750,353,199,154,478,294,184,1036,660,376,1354,654,700,471,135,336
4682000000,67166,33273,33893,8569,4372,4197,9964,5504,4460,18956,10568,8388,22533,10715,11818,7144,2114,5030
4682025000,24523,12032,12491,4995,2521,2474,5106,2656,2450,7855,3947,3908,5406,2560,2846,1161,348,813
4682031000,2882,1447,1435,216,114,102,360,211,149,786,445,341,1155,560,595,365,117,248
4682032000,3130,1550,1580,228,114,114,365,212,153,787,481,306,1310,610,700,440,133,307
4682033000,2759,1374,1385,181,97,84,268,172,96,694,406,288,1199,575,624,417,124,293
4682034000,6004,2950,3054,610,308,302,791,472,319,1646,916,730,2221,1035,1186,736,219,517
4682035000,2767,1344,1423,239,119,120,291,159,132,686,401,285,1145,533,612,406,132,274
4682036000,1949,932,1017,115,61,54,191,105,86,470,286,184,824,374,450,349,106,243
4682037000,2925,1467,1458,228,126,102,311,173,138,792,472,320,1101,543,558,493,153,340
4682038000,2096,994,1102,145,72,73,172,94,78,495,295,200,862,410,452,422,123,299
4682039000,2339,1190,1149,186,109,77,222,136,86,625,409,216,931,429,502,375,107,268
4682040000,4645,2301,2344,396,206,190,517,315,202,1156,671,485,1973,939,1034,603,170,433
4682041000,3674,1879,1795,348,174,174,443,254,189,969,620,349,1439,700,739,475,131,344
4682042000,3939,1975,1964,384,202,182,471,272,199,1021,600,421,1594,770,824,469,131,338
4682043000,3534,1838,1696,298,149,149,456,273,183,974,619,355,1373,677,696,433,120,313
4679000000,62624,30910,31714,8751,4512,4239,11370,6023,5347,19314,10229,9085,17437,8456,8981,5752,1690,4062
4679025000,39707,19477,20230,7237,3729,3508,8752,4547,4205,13377,6694,6683,8263,3846,4417,2078,661,1417
4679031000,924,476,448,57,30,27,97,56,41,263,167,96,383,187,196,124,36,88
4679031500,424,200,224,25,14,11,24,13,11,110,69,41,196,84,112,69,20,49
4679032000,1755,896,859,86,49,37,189,105,84,409,262,147,723,381,342,348,99,249
4679033000,1040,504,536,45,21,24,88,48,40,242,155,87,424,218,206,241,62,179
4679034000,1778,871,907,81,45,36,177,98,79,432,265,167,726,375,351,362,88,274
4679035000,3186,1567,1619,365,169,196,445,257,188,828,463,365,1196,577,619,352,101,251
4679036000,2850,1422,1428,198,103,95,369,213,156,790,458,332,1076,548,528,417,100,317
4679037000,1426,727,699,90,52,38,124,73,51,350,215,135,599,292,307,263,95,168
4679038000,949,490,459,49,21,28,99,59,40,263,157,106,385,202,183,153,51,102
4679039500,1577,783,794,93,47,46,140,82,58,385,243,142,698,340,358,261,71,190
4679040000,1595,756,839,85,41,44,168,99,69,400,220,180,655,321,334,287,75,212
4679041500,2120,1069,1051,102,60,42,249,138,111,542,329,213,873,435,438,354,107,247
4679042000,3293,1672,1621,238,131,107,449,235,214,923,532,391,1240,650,590,443,124,319
4579000000,53386,26507,26879,6520,3537,2983,7595,4251,3344,14608,8153,6455,18224,8654,9570,6439,1912,4527
4579025000,21110,10480,10630,4324,2339,1985,4264,2266,1998,6458,3215,3243,4825,2243,2582,1239,417,822
4579031000,2226,1148,1078,134,75,59,240,153,87,585,365,220,921,464,457,346,91,255
4579032000,2606,1320,1286,167,87,80,275,154,121,694,441,253,1069,514,555,401,124,277
4579033000,2716,1346,1370,276,159,117,274,159,115,669,415,254,1087,493,594,410,120,290
4579034000,2465,1212,1253,159,77,82,254,163,91,605,361,244,1030,489,541,417,122,295
4579035000,2386,1170,1216,202,119,83,251,144,107,636,371,265,947,447,500,350,89,261
4579036000,2687,1320,1367,169,89,80,256,143,113,596,385,211,1229,585,644,437,118,319
4579037000,1767,872,895,83,47,36,145,95,50,426,268,158,752,357,395,361,105,256
4579038000,3212,1592,1620,208,121,87,301,185,116,805,469,336,1365,658,707,533,159,374
4579039000,2450,1230,1220,161,86,75,287,162,125,693,416,277,973,462,511,336,104,232
4579040000,3111,1531,1580,224,113,111,364,219,145,831,465,366,1216,595,621,476,139,337
4579041000,1908,985,923,97,59,38,204,127,77,457,284,173,827,415,412,323,100,223
4579042000,2179,1048,1131,140,68,72,236,126,110,540,319,221,878,422,456,385,113,272
4579043000,2563,1253,1310,176,98,78,244,155,89,613,379,234,1105,510,595,425,111,314
4513000000,265304,134290,131014,45633,23459,22174,58095,31218,26877,86708,45533,41175,62466,29998,32468,12402,4082,8320
4513025000,3103,1599,1504,194,101,93,397,247,150,861,516,345,1240,600,640,411,135,276
4513031000,4695,2390,2305,935,468,467,1033,544,489,1417,771,646,1026,519,507,284,88,196
4513032000,3356,1722,1634,513,262,251,422,238,184,985,577,408,1066,519,547,370,126,244
4513033000,2623,1344,1279,168,102,66,361,217,144,673,379,294,1092,556,536,329,90,239
4513034000,2503,1260,1243,180,95,85,287,176,111,634,379,255,1035,513,522,367,97,270
4513035000,4864,2422,2442,357,200,157,631,353,278,1248,727,521,2029,957,1072,599,185,414
4513036000,2940,1497,1443,211,112,99,419,247,172,810,442,368,1201,602,599,299,94,205
4513037000,2854,1425,1429,213,94,119,422,236,186,786,427,359,1132,560,572,301,108,193
4513038000,2166,1134,1032,134,77,57,242,143,99,556,330,226,926,489,437,308,95,213
4513039000,3285,1848,1437,236,129,107,539,332,207,1149,711,438,1156,603,553,205,73,132
4513040000,2923,1491,1432,245,128,117,466,269,197,779,461,318,1129,536,593,304,97,207
4513051500,2260,1103,1157,240,121,119,326,152,174,576,329,247,936,433,503,182,68,114
4513053000,5190,2591,2599,531,271,260,811,444,367,1496,804,692,1919,908,1011,433,164,269
4513055000,6965,3467,3498,875,456,419,1286,705,581,1983,1049,934,2339,1089,1250,482,168,314
4513056000,5439,2642,2797,443,226,217,917,523,394,1438,756,682,2117,957,1160,524,180,344
4513060500,4358,2215,2143,434,235,199,991,542,449,1245,675,570,1414,662,752,274,101,173
4513064000,12585,6311,6274,2082,1079,1003,2902,1521,1381,3903,2039,1864,3150,1454,1696,548,218,330
4513065000,24159,12236,11923,5199,2681,2518,6719,3517,3202,7322,3791,3531,4271,2031,2240,648,216,432
4513066000,7344,3672,3672,818,431,387,1350,758,592,2254,1226,1028,2487,1104,1383,435,153,282
4513067000,8119,4074,4045,1161,579,582,2073,1100,973,2547,1265,1282,2040,1023,1017,298,107,191
4513068000,2802,1425,1377,384,192,192,530,300,230,792,415,377,882,429,453,214,89,125
4513069000,54888,27400,27488,13858,7135,6723,13639,6891,6748,19169,9627,9542,7153,3398,3755,1069,349,720
4513070100,12401,6182,6219,1708,918,790,2639,1447,1192,4086,2004,2082,3451,1639,1812,517,174,343
4513070200,23117,11184,11933,4233,2084,2149,4818,2558,2260,7814,3774,4040,5228,2465,2763,1024,303,721
4513070300,31751,15824,15927,6267,3187,3080,7473,3976,3497,11509,5741,5768,5575,2622,2953,927,298,629
4513071000,17222,9495,7727,2668,1400,1268,3917,2291,1626,6511,3793,2718,3624,1862,1762,502,149,353
4513072000,11392,6337,5055,1346,696,650,2485,1491,994,4165,2525,1640,2848,1468,1380,548,157,391
4521000000,80913,40193,40720,9914,5083,4831,13138,7179,5959,22786,12643,10143,26284,12611,13673,8791,2677,6114
4521025000,2611,1313,1298,188,112,76,303,176,127,661,387,274,1067,529,538,392,109,283
4521032000,2390,1186,1204,149,88,61,223,136,87,537,329,208,1063,517,546,418,116,302
4521033000,2448,1310,1138,177,99,78,286,176,110,645,428,217,1011,505,506,329,102,227
4521034000,3471,1778,1693,234,127,107,451,255,196,847,519,328,1412,719,693,527,158,369
4521035000,3704,1810,1894,299,146,153,496,269,227,989,557,432,1431,694,737,489,144,345
4521036000,1301,626,675,103,57,46,159,95,64,282,165,117,529,245,284,228,64,164
4521038000,2457,1255,1202,170,81,89,327,195,132,613,373,240,973,493,480,374,113,261
4521039000,1720,861,859,117,66,51,169,103,66,422,251,171,706,337,369,306,104,202
4521040000,1737,878,859,100,52,48,195,116,79,425,264,161,733,362,371,284,84,200
4521041000,2543,1231,1312,119,60,59,245,147,98,588,368,220,1132,519,613,459,137,322
4521042000,4934,2518,2416,475,243,232,691,386,305,1457,842,615,1791,879,912,520,168,352
4521043000,2193,1080,1113,150,80,70,220,137,83,488,300,188,928,437,491,407,126,281
4521044000,1876,955,921,117,59,58,229,140,89,483,296,187,738,370,368,309,90,219
4521045000,4516,2276,2240,304,156,148,547,324,223,1227,714,513,1804,890,914,634,192,442
4521046000,1321,685,636,96,47,49,148,88,60,330,215,115,547,263,284,200,72,128
4521051000,10921,5391,5530,1695,841,854,2243,1191,1052,3319,1728,1591,2917,1383,1534,747,248,499
4521052000,12753,6164,6589,2234,1142,1092,2531,1318,1213,3993,2026,1967,3084,1394,1690,911,284,627
4521054000,11688,5719,5969,2288,1160,1128,2573,1339,1234,3750,1921,1829,2460,1128,1332,617,171,446
4521058000,6329,3157,3172,899,467,432,1102,588,514,1730,960,770,1958,947,1011,640,195,445
4519000000,79431,38965,40466,11688,6107,5581,13340,7167,6173,23713,12408,11305,23184,10912,12272,7506,2371,5135
4519025000,3848,1871,1977,364,199,165,495,268,227,1000,538,462,1426,687,739,563,179,384
4519031000,2609,1334,1275,257,132,125,371,207,164,736,409,327,952,488,464,293,98,195
4519032000,1082,536,546,85,45,40,110,63,47,265,160,105,420,216,204,202,52,150
4519033000,2000,999,1001,158,77,81,244,146,98,507,291,216,766,390,376,325,95,230
4519034000,1802,885,917,162,88,74,170,99,71,463,275,188,707,326,381,300,97,203
4519035000,2273,1091,1182,169,82,87,220,132,88,560,325,235,952,444,508,372,108,264
4519036000,1570,749,821,98,56,42,130,70,60,348,213,135,655,312,343,339,98,241
4519037000,1647,834,813,145,81,64,175,108,67,404,236,168,659,332,327,264,77,187
4519038000,1491,782,709,105,66,39,167,99,68,355,225,130,583,293,290,281,99,182
4519039000,928,478,450,61,40,21,101,56,45,217,137,80,404,198,206,145,47,98
4519040000,1446,728,718,107,56,51,131,77,54,338,210,128,569,277,292,301,108,193
4519041000,1811,910,901,126,72,54,191,114,77,480,290,190,710,345,365,304,89,215
4519042000,2261,1106,1155,232,130,102,290,158,132,599,327,272,798,390,408,342,101,241
4519045000,1885,925,960,201,112,89,194,105,89,476,284,192,740,346,394,274,78,196
4519046000,2108,1040,1068,257,137,120,227,123,104,749,395,354,647,325,322,228,60,168
4519047000,2706,1322,1384,293,163,130,295,165,130,792,429,363,1042,473,569,284,92,192
4519051000,3373,1596,1777,490,254,236,621,328,293,1010,501,509,979,414,565,273,99,174
4519052000,3289,1548,1741,406,207,199,601,317,284,945,481,464,1055,450,605,282,93,189
4519054000,6127,2951,3176,1192,603,589,1314,672,642,1921,957,964,1382,620,762,318,99,219
4519055000,6598,3181,3417,1275,630,645,1197,633,564,2081,1059,1022,1665,734,931,380,125,255
4519056000,4206,2058,2148,533,291,242,856,496,360,1208,586,622,1280,580,700,329,105,224
4519057000,6984,3547,3437,954,497,457,1299,710,589,2224,1189,1035,1949,957,992,558,194,364
4519059000,17387,8494,8893,4018,2089,1929,3941,2021,1920,6035,2891,3144,2844,1315,1529,549,178,371
4573000000,23748,11826,11922,2838,1464,1374,3319,1843,1476,6842,3774,3068,7917,3797,4120,2832,948,1884
4573025000,9426,4697,4729,1665,854,811,1715,915,800,2931,1574,1357,2326,1090,1236,789,264,525
4573031000,2186,1088,1098,150,87,63,228,128,100,601,325,276,889,443,446,318,105,213
4573032000,3970,2004,1966,407,226,181,565,311,254,1226,684,542,1358,644,714,414,139,275
4573033000,2576,1259,1317,173,79,94,240,145,95,660,371,289,1055,508,547,448,156,292
4573034000,4194,2080,2114,357,177,180,448,270,178,1100,626,474,1654,800,854,635,207,428
4573035000,1396,698,698,86,41,45,123,74,49,324,194,130,635,312,323,228,77,151
4580000000,50795,25262,25533,5868,3080,2788,7624,4230,3394,14297,7964,6333,17593,8338,9255,5413,1650,3763
4580025000,20837,10178,10659,3878,2012,1866,4079,2125,1954,6478,3237,3241,5153,2401,2752,1249,403,846
4580031000,1881,923,958,87,52,35,218,130,88,436,268,168,821,377,444,319,96,223
4580032000,2767,1397,1370,153,79,74,325,199,126,680,431,249,1139,548,591,470,140,330
4580033000,2148,1119,1029,160,78,82,295,179,116,581,363,218,827,412,415,285,87,198
4580034000,3303,1666,1637,230,111,119,393,232,161,823,515,308,1457,671,786,400,137,263
4580035000,2397,1201,1196,123,72,51,213,118,95,589,355,234,1060,523,537,412,133,279
4580036000,4357,2232,2125,442,230,212,655,380,275,1305,750,555,1568,758,810,387,114,273
4580037000,2238,1154,1084,163,97,66,261,165,96,597,350,247,989,480,509,228,62,166
4580038000,2460,1214,1246,122,69,53,254,156,98,581,363,218,1049,492,557,454,134,320
4580039000,2159,1063,1096,132,72,60,258,143,115,562,331,231,869,430,439,338,87,251
4580040000,2601,1272,1329,163,88,75,291,163,128,663,398,265,1088,504,584,396,119,277
4580041000,2521,1244,1277,164,94,70,263,166,97,687,397,290,1079,491,588,328,96,232
4580042000,1126,599,527,51,26,25,119,74,45,315,206,109,494,251,243,147,42,105
4577000000,26855,13189,13666,3423,1781,1642,3658,1962,1696,7483,4137,3346,8996,4264,4732,3295,1045,2250
4577025000,10086,4927,5159,2106,1098,1008,1918,973,945,3132,1626,1506,2300,1031,1269,630,199,431
4577031000,1494,731,763,119,61,58,185,100,85,403,224,179,557,282,275,230,64,166
4577032000,1963,968,995,140,71,69,188,106,82,515,303,212,792,392,400,328,96,232
4577033000,1668,838,830,139,70,69,185,116,69,435,261,174,631,300,331,278,91,187
4577034000,1681,844,837,103,58,45,180,109,71,428,243,185,695,357,338,275,77,198
4577035000,1373,697,676,114,66,48,149,81,68,347,215,132,515,251,264,248,84,164
4577036000,1927,954,973,165,87,78,194,106,88,532,283,249,781,390,391,255,88,167
4577037000,2119,1030,1089,228,118,110,224,127,97,545,294,251,854,402,452,268,89,179
4577038000,1236,596,640,73,30,43,131,80,51,305,184,121,508,231,277,219,71,148
4577039000,1036,499,537,76,43,33,104,52,52,253,159,94,416,190,226,187,55,132
4577040000,2272,1105,1167,160,79,81,200,112,88,588,345,243,947,438,509,377,131,246
4571000000,91142,46845,44297,14501,7444,7057,17587,9486,8101,28523,15728,12795,24125,12119,12006,6406,2068,4338
4571025000,14339,7412,6927,1766,889,877,2978,1681,1297,4430,2514,1916,4028,1961,2067,1137,367,770
4571025300,26435,13759,12676,6139,3189,2950,6007,3211,2796,8680,4758,3922,4558,2260,2298,1051,341,710
4571025600,6998,3607,3391,827,424,403,1190,652,538,2174,1227,947,2224,1111,1113,583,193,390
4571032000,4321,2223,2098,620,318,302,669,371,298,1406,772,634,1313,653,660,313,109,204
4571033000,14218,7142,7076,2903,1449,1454,3434,1715,1719,4692,2479,2213,2646,1323,1323,543,176,367
4571034000,5996,3102,2894,549,289,260,866,501,365,1717,944,773,2260,1162,1098,604,206,398
4571035000,5743,2886,2857,536,264,272,879,466,413,1746,917,829,2049,1083,966,533,156,377
4571036000,4568,2340,2228,477,256,221,660,387,273,1331,750,581,1581,788,793,519,159,360
4571037000,1847,951,896,155,84,71,207,116,91,497,290,207,735,379,356,253,82,171
4571038000,1928,971,957,110,62,48,169,92,77,545,314,231,842,413,429,262,90,172
4571039000,2685,1394,1291,288,153,135,306,171,135,729,438,291,1005,525,480,357,107,250
4571040000,1090,558,532,75,38,37,133,66,67,322,178,144,454,249,205,106,27,79
4571041000,974,500,474,56,29,27,89,57,32,254,147,107,430,212,218,145,55,90
4514000000,278113,138427,139686,44528,22826,21702,62387,33335,29052,88847,45316,43531,67149,32141,35008,15202,4809,10393
4514025000,6708,3271,3437,867,423,444,1039,562,477,1902,1019,883,2305,1089,1216,595,178,417
4514031000,7692,3789,3903,1069,528,541,1349,730,619,2289,1185,1104,2393,1150,1243,592,196,396
4514032000,6977,3516,3461,709,377,332,1103,615,488,2003,1109,894,2428,1176,1252,734,239,495
4514033000,2256,1126,1130,170,76,94,285,167,118,618,351,267,878,443,435,305,89,216
4514034000,1520,772,748,79,45,34,152,89,63,361,222,139,673,332,341,255,84,171
4514035000,1900,958,942,122,64,58,203,116,87,508,308,200,799,393,406,268,77,191
4514036000,2627,1308,1319,198,94,104,315,189,126,576,348,228,1130,548,582,408,129,279
4514037000,3002,1583,1419,237,129,108,390,226,164,811,500,311,1187,600,587,377,128,249
4514038000,2942,1448,1494,212,98,114,273,170,103,715,405,310,1310,635,675,432,140,292
4514039000,3270,1662,1608,315,158,157,548,322,226,839,496,343,1171,574,597,397,112,285
4514040000,5200,2711,2489,664,335,329,1066,649,417,1418,760,658,1675,826,849,377,141,236
4514041000,4290,2195,2095,260,152,108,461,275,186,1094,649,445,1835,909,926,640,210,430
4514042000,4386,2257,2129,397,222,175,699,402,297,1267,737,530,1518,756,762,505,140,365
4514043000,2581,1343,1238,146,84,62,375,231,144,765,460,305,963,471,492,332,97,235
4514044000,1525,752,773,97,52,45,149,88,61,354,208,146,675,324,351,250,80,170
4514052000,3278,1753,1525,198,117,81,677,386,291,894,512,382,1247,634,613,262,104,158
4514053000,4685,2488,2197,602,306,296,910,495,415,1575,879,696,1365,727,638,233,81,152
4514056000,6866,3531,3335,679,369,310,1600,875,725,1886,1059,827,2205,1045,1160,496,183,313
4514057000,22273,10930,11343,3674,1874,1800,4662,2508,2154,7335,3714,3621,5585,2544,3041,1017,290,727
4514058000,9247,4693,4554,1079,594,485,2200,1204,996,3019,1540,1479,2534,1221,1313,415,134,281
4514059500,11347,5818,5529,1272,733,539,2150,1227,923,3255,1749,1506,3839,1766,2073,831,343,488
4514061000,38963,18829,20134,7945,4001,3944,9000,4496,4504,12658,6135,6523,7888,3704,4184,1472,493,979
4514062000,8537,4225,4312,1777,910,867,2041,1030,1011,2699,1384,1315,1733,799,934,287,102,185
4514064600,22816,11250,11566,3983,2051,1932,5438,2907,2531,7794,3726,4068,4890,2360,2530,711,206,505
4514064700,14065,6886,7179,3065,1583,1482,3832,1959,1873,5185,2481,2704,1698,777,921,285,86,199
4514065200,24736,12091,12645,5261,2717,2544,6359,3261,3098,9307,4488,4819,3300,1490,1810,509,135,374
4514065600,15377,7714,7663,1612,782,830,5586,3065,2521,3809,1984,1825,3499,1640,1859,871,243,628
4514067000,6550,3395,3155,1126,571,555,1500,851,649,2131,1116,1015,1427,741,686,366,116,250
4514069000,32497,16133,16364,6713,3381,3332,8025,4240,3785,11780,5792,5988,4999,2467,2532,980,253,727
4575000000,26730,13692,13038,2859,1509,1350,3701,2114,1587,7161,4170,2991,9443,4753,4690,3566,1146,2420
4575025000,7334,3726,3608,1389,729,660,1437,791,646,2110,1156,954,1798,869,929,600,181,419
4575031000,1256,631,625,76,34,42,117,73,44,321,202,119,501,249,252,241,73,168
4575032000,1594,841,753,106,60,46,182,97,85,449,263,186,666,356,310,191,65,126
4575033000,1426,732,694,109,60,49,181,111,70,323,189,134,600,306,294,213,66,147
4575034000,1634,850,784,118,68,50,162,105,57,411,236,175,662,343,319,281,98,183
4575035500,3558,1803,1755,306,180,126,456,267,189,910,525,385,1361,662,699,525,169,356
4575036000,1313,684,629,84,39,45,145,86,59,338,211,127,525,274,251,221,74,147
4575037000,1496,759,737,92,46,46,128,73,55,347,215,132,626,325,301,303,100,203
4575038000,3237,1659,1578,304,151,153,446,247,199,894,532,362,1195,600,595,398,129,269
4575039000,1504,799,705,95,56,39,192,120,72,449,279,170,559,282,277,209,62,147
4575040000,1190,609,581,80,33,47,132,75,57,311,193,118,496,249,247,171,59,112
4575041000,1188,599,589,100,53,47,123,69,54,298,169,129,454,238,216,213,70,143
4574000000,21695,10812,10883,2652,1355,1297,2948,1597,1351,6040,3413,2627,7469,3636,3833,2586,811,1775
4574025000,7259,3569,3690,1227,603,624,1238,642,596,2124,1166,958,2071,963,1108,599,195,404
4574031000,2048,1030,1018,179,97,82,218,137,81,529,304,225,768,377,391,354,115,239
4574032000,2288,1162,1126,182,105,77,231,132,99,550,330,220,997,491,506,328,104,224
4574033500,4335,2181,2154,581,308,273,627,335,292,1295,720,575,1358,674,684,474,144,330
4574034000,2056,1006,1050,129,66,63,221,128,93,520,294,226,876,427,449,310,91,219
4574035000,2144,1070,1074,204,101,103,258,143,115,622,358,264,777,375,402,283,93,190
4574036000,1565,794,771,150,75,75,155,80,75,400,241,159,622,329,293,238,69,169
4518000000,106487,52892,53595,15097,7892,7205,18593,10167,8426,32161,17107,15054,30827,14626,16201,9809,3100,6709
4518025000,5365,2622,2743,561,305,256,704,403,301,1432,803,629,1974,907,1067,694,204,490
4518031000,4182,2126,2056,416,203,213,661,390,271,1250,687,563,1402,711,691,453,135,318
4518032000,2792,1394,1398,180,99,81,306,184,122,746,442,304,1100,533,567,460,136,324
4518033000,2081,1078,1003,139,80,59,223,136,87,512,323,189,826,412,414,381,127,254
4518034000,2760,1372,1388,180,89,91,330,216,114,671,408,263,1130,534,596,449,125,324
4518035000,1737,857,880,108,62,46,182,106,76,393,240,153,742,357,385,312,92,220
4518036000,1771,888,883,139,75,64,208,128,80,501,292,209,668,323,345,255,70,185
4518037000,2031,999,1032,120,75,45,209,126,83,478,290,188,834,400,434,390,108,282
4518038000,2507,1271,1236,169,92,77,282,165,117,648,401,247,1011,493,518,397,120,277
4518039000,3375,1686,1689,225,127,98,371,222,149,864,522,342,1332,623,709,583,192,391
4518040000,2793,1415,1378,126,79,47,297,174,123,637,402,235,1248,608,640,485,152,333
4518041000,1655,841,814,112,59,53,175,107,68,395,246,149,677,330,347,296,99,197
4518042000,2251,1156,1095,211,118,93,239,157,82,606,363,243,840,408,432,355,110,245
4518043000,1200,606,594,76,42,34,115,73,42,302,175,127,526,263,263,181,53,128
4518044000,2083,1049,1034,142,64,78,196,108,88,544,351,193,865,423,442,336,103,233
4518051000,17083,8644,8439,3189,1672,1517,3977,2174,1803,6042,3103,2939,3225,1504,1721,650,191,459
4518052000,2951,1444,1507,415,200,215,533,273,260,997,534,463,768,360,408,238,77,161
4518053500,20342,9822,10520,4177,2095,2082,4211,2158,2053,6717,3255,3462,4287,2001,2286,950,313,637
4518054500,3217,1549,1668,389,201,188,548,293,255,867,446,421,1124,495,629,289,114,175
4518056500,10247,5066,5181,2227,1232,995,2185,1152,1033,3388,1591,1797,2035,935,1100,412,156,256
4518057000,6049,3013,3036,972,493,479,1198,630,568,1860,976,884,1647,776,871,372,138,234
4518058000,4049,1936,2113,482,243,239,680,350,330,1207,632,575,1296,596,700,384,115,269
4518059500,3966,2058,1908,342,187,155,763,442,321,1104,625,479,1270,634,636,487,170,317
4572000000,24987,12667,12320,2766,1429,1337,3317,1775,1542,6956,3964,2992,8944,4536,4408,3004,963,2041
4572025000,9974,5042,4932,1474,746,728,1665,869,796,2945,1655,1290,2932,1461,1471,958,311,647
4572031000,840,419,421,40,19,21,54,28,26,234,134,100,411,205,206,101,33,68
4572032000,1068,515,553,111,52,59,102,57,45,272,141,131,422,212,210,161,53,108
4572033000,1356,646,710,123,61,62,118,54,64,351,194,157,559,283,276,205,54,151
4572034000,849,434,415,70,30,40,93,53,40,229,133,96,342,180,162,115,38,77
4572035000,1950,1017,933,159,88,71,245,147,98,527,305,222,748,385,363,271,92,179
4572036000,1757,890,867,141,72,69,217,109,108,443,269,174,716,375,341,240,65,175
4572037000,1818,923,895,135,77,58,205,103,102,472,286,186,727,361,366,279,96,183
4572038000,2834,1468,1366,321,170,151,357,200,157,829,472,357,1044,544,500,283,82,201
4572039000,1049,555,494,105,65,40,137,83,54,271,150,121,388,204,184,148,53,95
4572040000,1492,758,734,87,49,38,124,72,52,383,225,158,655,326,329,243,86,157
5013000000,183663,92683,90980,31796,16559,15237,38193,19822,18371,61657,32780,28877,41791,20284,21507,10226,3238,6988
5013025000,22197,10767,11430,4515,2351,2164,3796,1851,1945,7691,3855,3836,4771,2272,2499,1424,438,986
5013025300,18664,9654,9010,2553,1381,1172,3422,1876,1546,6256,3461,2795,4945,2434,2511,1488,502,986
5013025900,15500,8135,7365,1941,1027,914,2793,1523,1270,5201,2958,2243,4422,2291,2131,1143,336,807
5013031000,12228,6343,5885,1828,960,868,2678,1450,1228,4165,2321,1844,2771,1392,1379,786,220,566
5013032000,12393,6326,6067,1786,965,821,2258,1194,1064,4305,2324,1981,3269,1600,1669,775,243,532
5013051000,3980,2111,1869,521,285,236,777,431,346,1292,749,543,1140,565,575,250,81,169
5013052000,2136,1083,1053,232,136,96,392,213,179,737,390,347,655,305,350,120,39,81
5013053000,3301,1572,1729,367,190,177,570,308,262,1083,563,520,1064,430,634,217,81,136
5013054000,3439,1731,1708,380,202,178,680,364,316,1175,638,537,1008,457,551,196,70,126
5013055000,5328,2684,2644,800,410,390,1091,555,536,1635,904,731,1397,681,716,405,134,271
5013056000,5203,2634,2569,722,346,376,1007,547,460,1701,932,769,1354,675,679,419,134,285
5013057000,23201,11281,11920,5098,2566,2532,5082,2594,2488,7973,3923,4050,4320,1961,2359,728,237,491
5013058000,11072,5478,5594,2660,1318,1342,2487,1248,1239,3660,1876,1784,1916,919,997,349,117,232
5013059000,15325,7771,7554,2945,1584,1361,3714,1907,1807,5056,2651,2405,3040,1439,1601,570,190,380
5013060000,13824,7030,6794,2839,1507,1332,3521,1735,1786,4533,2428,2105,2454,1217,1237,477,143,334
5013061000,11943,6070,5873,2129,1088,1041,3004,1551,1453,3981,2117,1864,2252,1132,1120,577,182,395
5013062000,3929,2013,1916,480,243,237,921,475,446,1213,690,523,1013,514,499,302,91,211
5011000000,493096,246494,246602,96560,50033,46527,123756,63752,60004,164499,83901,80598,88869,42751,46118,19412,6057,13355
5011025000,21248,10908,10340,3227,1714,1513,4135,2240,1895,7298,4018,3280,5183,2525,2658,1405,411,994
5011025300,37532,19209,18323,7008,3674,3334,7973,4125,3848,13091,7028,6063,7432,3778,3654,2028,604,1424
5011025600,15397,7898,7499,1976,1047,929,2815,1493,1322,5173,3009,2164,4003,1966,2037,1430,383,1047
5011025900,25538,13060,12478,4398,2294,2104,5609,2976,2633,8611,4583,4028,5490,2741,2749,1430,466,964
5011031000,9295,4667,4628,1127,556,571,1502,777,725,3175,1826,1349,2566,1265,1301,925,243,682
5011032000,1586,847,739,132,68,64,186,107,79,485,312,173,592,306,286,191,54,137
5011033000,1692,892,800,183,94,89,311,173,138,597,354,243,442,234,208,159,37,122
5011051000,2406,1270,1136,220,108,112,418,244,174,788,467,321,814,394,420,166,57,109
5011052000,32441,15974,16467,6276,3270,3006,7886,4125,3761,10292,5043,5249,6772,3113,3659,1215,423,792
5011053000,7523,3730,3793,1190,622,568,1954,1001,953,2332,1183,1149,1629,790,839,418,134,284
5011054000,49496,24220,25276,10429,5376,5053,13673,6899,6774,16125,7825,8300,7953,3696,4257,1316,424,892
5011055000,13454,6612,6842,2398,1195,1203,3105,1618,1487,4370,2220,2150,2906,1324,1582,675,255,420
5011056000,7955,4122,3833,1123,607,516,1863,1041,822,2582,1394,1188,1952,933,1019,435,147,288
5011057000,6839,3519,3320,965,496,469,1491,829,662,2271,1228,1043,1725,829,896,387,137,250
5011058000,14430,7327,7103,2344,1227,1117,3319,1813,1506,4560,2406,2154,3456,1639,1817,751,242,509
5011059000,8854,4508,4346,1360,711,649,1921,1028,893,2738,1459,1279,2361,1146,1215,474,164,310
5011060000,24006,11913,12093,5235,2760,2475,5748,2988,2760,8074,3980,4094,4166,1964,2202,783,221,562
5011061000,25876,12980,12896,6765,3516,3249,6482,3324,3158,8499,4282,4217,3432,1626,1806,698,232,466
5011062000,5263,2719,2544,964,518,446,1392,736,656,1645,877,768,978,492,486,284,96,188
5011063000,38622,19043,19579,9014,4453,4561,11458,5637,5821,12552,6358,6194,4740,2342,2398,858,253,605
5011064000,15896,8022,7874,3889,2014,1875,4321,2207,2114,5220,2666,2554,2066,1003,1063,400,132,268
5011065000,42265,20675,21590,7057,3656,3401,13358,6736,6622,14141,6769,7372,6802,3194,3608,907,320,587
5011066000,55420,27156,28264,12214,6377,5837,15275,7758,7517,19524,9231,10293,7260,3435,3825,1147,355,792
5011067000,22278,11127,11151,5688,2975,2713,5599,2811,2788,7715,3900,3815,2699,1293,1406,577,148,429
5011068000,4458,2336,2122,748,394,354,1153,632,521,1477,812,665,877,423,454,203,75,128
5011069000,3326,1760,1566,630,311,319,809,434,375,1164,671,493,573,300,273,150,44,106
4425000000,43331,21563,21768,9976,5151,4825,9521,5033,4488,15439,7612,7827,7054,3354,3700,1341,413,928
4425031000,7879,3873,4006,1598,798,800,1712,878,834,2706,1316,1390,1617,809,808,246,72,174
4425031500,18266,8897,9369,3420,1798,1622,3927,2066,1861,6503,3133,3370,3583,1657,1926,833,243,590
4425033000,8613,4494,4119,3188,1640,1548,2081,1110,971,3185,1700,1485,135,34,101,24,10,14
4425051000,8573,4299,4274,1770,915,855,1801,979,822,3045,1463,1582,1719,854,865,238,88,150
4415000000,103145,51459,51686,13215,6833,6382,19830,10729,9101,30699,15966,14733,30941,15052,15889,8460,2879,5581
4415025000,7259,3648,3611,610,320,290,864,531,333,1957,1029,928,2999,1482,1517,829,286,543
4415031000,3185,1622,1563,204,114,90,381,218,163,819,475,344,1308,668,640,473,147,326
4415032000,2916,1505,1411,183,90,93,351,219,132,655,393,262,1230,624,606,497,179,318
4415033000,5380,2756,2624,401,208,193,576,332,244,1409,846,563,2297,1148,1149,697,222,475
4415034000,4255,2217,2038,328,193,135,622,364,258,1400,744,656,1581,793,788,324,123,201
4415036000,4628,2401,2227,525,261,264,787,464,323,1493,818,675,1429,736,693,394,122,272
4415037000,4591,2381,2210,328,188,140,499,296,203,1169,660,509,1918,1000,918,677,237,440
4415038000,5157,2671,2486,434,223,211,657,391,266,1406,827,579,2002,1015,987,658,215,443
4415039000,2850,1424,1426,216,107,109,293,167,126,722,410,312,1170,578,592,449,162,287
4415040000,3161,1409,1752,163,81,82,309,175,134,861,366,495,1439,644,795,389,143,246
4415051000,4598,2316,2282,494,272,222,965,535,430,1356,719,637,1394,653,741,389,137,252
4415054000,8250,4045,4205,1126,580,546,1755,949,806,2509,1284,1225,2317,1053,1264,543,179,364
4415055000,5353,2676,2677,874,446,428,1237,638,599,1614,828,786,1343,680,663,285,84,201
4415056000,7847,3945,3902,827,428,399,1434,836,598,2469,1297,1172,2523,1167,1356,594,217,377
4415057000,19425,9426,9999,3264,1663,1601,5532,2806,2726,6195,3000,3195,3720,1699,2021,714,258,456
4415059000,14290,7017,7273,3238,1659,1579,3568,1808,1760,4665,2270,2395,2271,1112,1159,548,168,380
4471000000,50477,25466,25011,6418,3298,3120,7071,3921,3150,14802,8175,6627,17194,8485,8709,4992,1587,3405
4471025000,22381,10981,11400,3916,1963,1953,3984,2148,1836,7196,3722,3474,5953,2707,3246,1332,441,891
4471031000,3252,1687,1565,234,133,101,364,228,136,871,506,365,1319,667,652,464,153,311
4471032000,2768,1450,1318,158,97,61,299,184,115,706,424,282,1200,618,582,405,127,278
4471033000,2468,1244,1224,140,63,77,204,127,77,561,364,197,1116,561,555,447,129,318
4471034000,2505,1249,1256,247,119,128,256,138,118,650,380,270,1017,507,510,335,105,230
4471035000,2766,1397,1369,404,196,208,256,151,105,645,380,265,1062,547,515,399,123,276
4471036000,2116,1083,1033,198,106,92,177,101,76,553,324,229,884,450,434,304,102,202
4471037000,3244,1618,1626,271,157,114,315,146,169,937,531,406,1304,656,648,417,128,289
4471038000,2998,1572,1426,218,119,99,354,182,172,818,489,329,1250,668,582,358,114,244
4471039000,5979,3185,2794,632,345,287,862,516,346,1865,1055,810,2089,1104,985,531,165,366
4423000000,114483,57147,57336,16162,8295,7867,20983,11434,9549,33889,17933,15956,33776,16357,17419,9673,3128,6545
4423025000,7961,3918,4043,879,452,427,1141,643,498,2307,1209,1098,2882,1346,1536,752,268,484
4423025300,13343,6658,6685,1907,978,929,2454,1368,1086,3675,1991,1684,4064,1947,2117,1243,374,869
4423031000,4024,2026,1998,275,142,133,477,289,188,956,558,398,1679,811,868,637,226,411
4423032000,4123,2075,2048,334,162,172,496,287,209,1070,623,447,1682,847,835,541,156,385
4423033000,2940,1488,1452,239,124,115,405,240,165,744,439,305,1142,561,581,410,124,286
4423034000,3492,1753,1739,218,120,98,399,218,181,1014,560,454,1393,703,690,468,152,316
4423035000,3514,1786,1728,234,115,119,438,242,196,936,553,383,1446,733,713,460,143,317
4423036000,6056,3121,2935,496,269,227,673,385,288,1666,921,745,2482,1301,1181,739,245,494
4423038000,2424,1230,1194,157,87,70,225,134,91,636,371,265,1062,528,534,344,110,234
4423039000,6132,3112,3020,764,422,342,953,522,431,1626,875,751,2069,1033,1036,720,260,460
4423040000,3380,1721,1659,182,101,81,378,229,149,871,485,386,1460,743,717,489,163,326
4423041000,3981,2115,1866,324,155,169,655,418,237,1125,683,442,1406,718,688,471,141,330
4423042000,2177,1041,1136,190,94,96,249,130,119,530,300,230,904,431,473,304,86,218
4423051000,34943,17384,17559,7045,3582,3463,8894,4678,4216,11370,5714,5656,6364,2990,3374,1270,420,850
4423052000,15993,7719,8274,2918,1492,1426,3146,1651,1495,5363,2651,2712,3741,1665,2076,825,260,565
4427000000,167092,88952,78140,30396,15709,14687,37454,21707,15747,53640,30233,23407,36068,18037,18031,9534,3266,6268
4427025000,8700,4580,4120,806,447,359,1242,758,484,2553,1504,1049,3134,1523,1611,965,348,617
4427025300,30469,16914,13555,6455,3356,3099,7338,4187,3151,10209,6181,4028,5287,2786,2501,1180,404,776
4427031000,5295,2716,2579,409,214,195,639,364,275,1415,817,598,2127,1065,1062,705,256,449
4427032000,9624,5689,3935,834,442,392,1937,1332,605,3290,2160,1130,2827,1507,1320,736,248,488
4427033000,2386,1204,1182,145,83,62,248,151,97,527,300,227,1109,543,566,357,127,230
4427034000,3593,1842,1751,264,122,142,484,293,191,879,493,386,1480,757,723,486,177,309
4427035000,3514,1806,1708,261,138,123,430,253,177,979,551,428,1424,732,692,420,132,288
4427036000,5040,2540,2500,458,232,226,593,344,249,1412,788,624,1898,950,948,679,226,453
4427037000,5298,2661,2637,517,267,250,723,426,297,1482,824,658,1955,941,1014,621,203,418
4427038000,15391,7852,7539,3113,1587,1526,2797,1521,1276,5062,2753,2309,3516,1686,1830,903,305,598
4427039000,11787,6772,5015,2042,1026,1016,2788,1826,962,3962,2476,1486,2352,1210,1142,643,234,409
4427051000,24803,13240,11563,4974,2535,2439,7780,4581,3199,7978,4244,3734,3439,1664,1775,632,216,416
4427052000,23277,11880,11397,5615,2916,2699,6049,3218,2831,7501,3890,3611,3387,1624,1763,725,232,493
4427053000,17915,9256,8659,4503,2344,2159,4406,2453,1953,6391,3252,3139,2133,1049,1084,482,158,324
4418000000,98408,49933,48475,13659,7002,6657,17942,10171,7771,29997,16206,13791,29230,13977,15253,7580,2577,5003
4418025000,6018,3044,2974,408,207,201,686,421,265,1584,899,685,2584,1263,1321,756,254,502
4418031000,1632,855,777,119,54,65,254,167,87,423,251,172,675,340,335,161,43,118
4418032000,2149,1138,1011,148,71,77,253,152,101,610,384,226,878,435,443,260,96,164
4418032500,1602,859,743,153,79,74,215,134,81,511,307,204,577,292,285,146,47,99
4418032800,1113,602,511,87,45,42,126,84,42,307,197,110,446,228,218,147,48,99
4418033000,3423,1773,1650,266,140,126,402,252,150,870,507,363,1422,719,703,463,155,308
4418034000,2593,1300,1293,156,95,61,274,165,109,604,363,241,1115,536,579,444,141,303
4418035000,3851,1940,1911,295,158,137,445,261,184,994,561,433,1612,792,820,505,168,337
4418036000,5101,2566,2535,384,201,183,610,361,249,1361,762,599,2094,1029,1065,652,213,439
4418038000,2398,1194,1204,115,70,45,195,114,81,530,312,218,1097,522,575,461,176,285
4418039000,1702,873,829,98,54,44,147,83,64,375,233,142,800,401,399,282,102,180
4418040000,2148,1073,1075,169,100,69,278,157,121,628,366,262,877,393,484,196,57,139
4418041000,5160,2727,2433,471,242,229,791,506,285,1566,897,669,1830,905,925,502,177,325
4418051500,14048,7076,6972,2365,1191,1174,3152,1781,1371,4525,2312,2213,3362,1554,1808,644,238,406
4418052500,6721,3394,3327,1072,527,545,1400,788,612,2182,1156,1026,1657,761,896,410,162,248
4418053500,16196,8128,8068,3431,1745,1686,3948,2100,1848,5515,2821,2694,2810,1306,1504,492,156,336
4418054500,16276,8129,8147,3329,1730,1599,3791,2039,1752,5481,2760,2721,3099,1431,1668,576,169,407
4418056500,6277,3262,3015,593,293,300,975,606,369,1931,1118,813,2295,1070,1225,483,175,308
4476000000,63774,31634,32140,7097,3763,3334,9150,5122,4028,17017,9099,7918,22886,11070,11816,7624,2580,5044
4476025000,19575,9730,9845,2725,1446,1279,3547,1970,1577,5962,3049,2913,5918,2795,3123,1423,470,953
4476031000,11927,5868,6059,2051,1070,981,2447,1243,1204,3601,1874,1727,2959,1390,1569,869,291,578
4476032000,3676,1850,1826,282,144,138,378,236,142,909,493,416,1593,798,795,514,179,335
4476033000,2332,1146,1186,150,91,59,197,125,72,546,296,250,1066,503,563,373,131,242
4476034000,1543,761,782,96,53,43,134,78,56,342,179,163,715,370,345,256,81,175
4476035000,2347,1150,1197,196,100,96,226,135,91,566,311,255,956,467,489,403,137,266
4476036000,2809,1354,1455,226,120,106,285,171,114,658,347,311,1219,563,656,421,153,268
4476037000,1415,685,730,72,34,38,116,79,37,293,161,132,673,329,344,261,82,179
4476038000,1807,876,931,110,61,49,152,94,58,361,205,156,804,382,422,380,134,246
4476039000,1137,576,561,49,32,17,102,58,44,233,136,97,539,267,272,214,83,131
4476040000,1654,779,875,80,42,38,122,67,55,310,168,142,773,374,399,369,128,241
4476041000,2850,1406,1444,233,115,118,289,178,111,637,368,269,1229,589,640,462,156,306
4476042000,2701,1363,1338,164,100,64,282,162,120,598,355,243,1138,573,565,519,173,346
4476043000,3091,1571,1520,215,107,108,327,197,130,745,420,325,1332,679,653,472,168,304
4476044000,2820,1466,1354,298,166,132,329,197,132,785,461,324,1059,530,529,349,112,237
4476045000,2090,1053,1037,150,82,68,217,132,85,471,276,195,913,461,452,339,102,237
4421000000,176645,92122,84523,31866,16585,15281,40482,23352,17130,56604,30319,26285,37813,18576,19237,9880,3290,6590
4421025000,13493,7864,5629,1643,868,775,3148,2162,986,4892,2975,1917,3102,1637,1465,708,222,486
4421031000,7291,3715,3576,1142,603,539,1158,664,494,2406,1287,1119,1949,955,994,636,206,430
4421032000,5267,2680,2587,300,151,149,515,331,184,1294,749,545,2343,1158,1185,815,291,524
4421033000,3338,1701,1637,167,92,75,292,176,116,855,491,364,1568,790,778,456,152,304
4421034000,8172,4392,3780,1326,665,661,1563,988,575,2597,1481,1116,2118,1076,1042,568,182,386
4421036000,15447,8099,7348,4112,2110,2002,5301,2867,2434,4102,2229,1873,1566,783,783,366,110,256
4421037000,9281,4797,4484,1180,623,557,1584,927,657,3008,1636,1372,2680,1329,1351,829,282,547
4421038000,5012,2542,2470,365,194,171,499,284,215,1325,765,560,2110,1042,1068,713,257,456
4421039000,7285,3760,3525,665,350,315,1117,678,439,2131,1200,931,2616,1295,1321,756,237,519
4421040000,6044,3129,2915,753,389,364,1066,670,396,1598,905,693,1920,926,994,707,239,468
4421051000,19079,9956,9123,3509,1851,1658,5214,2987,2227,6359,3298,3061,3298,1587,1711,699,233,466
4421052500,18586,9693,8893,3821,2162,1659,4038,2309,1729,6611,3330,3281,3379,1630,1749,737,262,475
4421053500,8766,4425,4341,1392,744,648,1887,1044,843,2948,1520,1428,2113,966,1147,426,151,275
4421054000,15852,8075,7777,3180,1551,1629,3891,2225,1666,5291,2717,2574,2891,1400,1491,599,182,417
4421055000,33732,17294,16438,8311,4232,4079,9209,5040,4169,11187,5736,5451,4160,2002,2158,865,284,581
4477000000,50745,25081,25664,5443,2776,2667,6808,3898,2910,13605,7420,6185,18553,8838,9715,6336,2149,4187
4477025000,11064,5542,5522,1351,688,663,1897,1042,855,3372,1844,1528,3537,1641,1896,907,327,580
4477025300,13356,6534,6822,2370,1222,1148,2290,1229,1061,4130,2074,2056,3585,1677,1908,981,332,649
4477031000,4808,2405,2403,365,188,177,518,311,207,1227,709,518,1989,959,1030,709,238,471
4477032000,2246,1092,1154,106,64,42,201,127,74,441,248,193,988,481,507,510,172,338
4477033000,1610,791,819,81,39,42,125,72,53,347,210,137,723,343,380,334,127,207
4477034000,2458,1154,1304,165,75,90,214,123,91,561,311,250,1027,476,551,491,169,322
4477035000,1462,698,764,106,50,56,149,92,57,285,157,128,641,316,325,281,83,198
4477036000,1243,597,646,70,36,34,110,63,47,236,139,97,544,268,276,283,91,192
4477037000,1232,627,605,50,31,19,77,48,29,267,168,99,605,294,311,233,86,147
4477038000,2080,1009,1071,102,48,54,161,93,68,429,229,200,991,504,487,397,135,262
4477039000,2025,979,1046,125,60,65,187,122,65,422,240,182,926,455,471,365,102,263
4477040000,2865,1421,1444,130,71,59,305,201,104,707,397,310,1314,626,688,409,126,283
4477041000,4296,2232,2064,422,204,218,574,375,199,1181,694,487,1683,798,885,436,161,275
4420000000,324580,168881,155699,67042,34474,32568,85775,46693,39082,106662,57902,48760,53437,25856,27581,11664,3956,7708
4420025000,6459,3404,3055,808,424,384,1122,683,439,1999,1128,871,1954,968,986,576,201,375
4420025300,81661,41883,39778,19496,10018,9478,25288,13138,12150,26464,13937,12527,8922,4299,4623,1491,491,1000
4420031000,4194,2147,2047,530,275,255,556,307,249,1272,707,565,1427,721,706,409,137,272
4420033000,24910,13504,11406,6709,3466,3243,7614,4169,3445,8316,4811,3505,1881,922,959,390,136,254
4420035000,20408,11083,9325,4290,2186,2104,5613,3252,2361,6458,3730,2728,3385,1713,1672,662,202,460
4420036000,22608,12766,9842,4073,2097,1976,7136,4284,2852,6959,4241,2718,3678,1908,1770,762,236,526
4420037000,5525,2915,2610,393,215,178,814,496,318,1509,883,626,2141,1091,1050,668,230,438
4420038000,6243,3484,2759,635,343,292,1081,697,384,2076,1295,781,1869,954,915,582,195,387
4420039000,3040,1560,1480,163,89,74,340,196,144,743,453,290,1332,651,681,462,171,291
4420040000,4439,2276,2163,272,129,143,634,371,263,1210,702,508,1745,867,878,578,207,371
4420041000,19644,10281,9363,3394,1723,1671,4447,2519,1928,6688,3658,3030,4155,2041,2114,960,340,620
4420057000,9344,4887,4457,1573,810,763,2788,1511,1277,2805,1568,1237,1819,887,932,359,111,248
4420058000,10746,5613,5133,1190,610,580,2873,1704,1169,3448,1825,1623,2699,1274,1425,536,200,336
4420059000,36577,18327,18250,8522,4319,4203,9209,4753,4456,12515,6474,6041,5340,2424,2916,991,357,634
4420060000,18557,9447,9110,3746,1993,1753,4115,2235,1880,6631,3417,3214,3410,1584,1826,655,218,437
4420061000,21442,11015,10427,4696,2503,2193,5457,2979,2478,7507,3834,3673,3162,1471,1691,620,228,392
4420062000,28783,14289,14494,6552,3274,3278,6688,3399,3289,10062,5239,4823,4518,2081,2437,963,296,667
4481000000,76801,38574,38227,8760,4538,4222,12230,6871,5359,22037,11944,10093,25960,12512,13448,7814,2709,5105
4481025000,32682,16217,16465,5129,2651,2478,6105,3296,2809,10401,5305,5096,9033,4265,4768,2014,700,1314
4481025300,10155,5096,5059,1219,609,610,2305,1259,1046,2716,1476,1240,2943,1407,1536,972,345,627
4481031000,2387,1222,1165,117,56,61,231,132,99,613,384,229,1058,526,532,368,124,244
4481032000,2998,1516,1482,192,107,85,276,173,103,718,414,304,1341,648,693,471,174,297
4481033000,3105,1533,1572,185,100,85,282,154,128,781,459,322,1301,641,660,556,179,377
4481034000,1756,891,865,97,58,39,144,88,56,410,233,177,823,423,400,282,89,193
4481035000,2504,1309,1195,179,101,78,325,204,121,667,377,290,1000,504,496,333,123,210
4481036000,6675,3326,3349,622,321,301,912,528,384,2018,1091,927,2420,1142,1278,703,244,459
4481037000,2490,1263,1227,219,109,110,261,164,97,632,363,269,994,490,504,384,137,247
4481038000,4407,2236,2171,339,169,170,469,277,192,1110,669,441,1846,901,945,643,220,423
4481039000,3404,1743,1661,192,106,86,400,256,144,841,498,343,1451,711,740,520,172,348
4481040000,4238,2222,2016,270,151,119,520,340,180,1130,675,455,1750,854,896,568,202,366
4479000000,30440,15472,14968,3111,1621,1490,4449,2576,1873,8007,4508,3499,10983,5426,5557,3890,1341,2549
4479025000,9914,5010,4904,1540,790,750,2088,1152,936,2887,1530,1357,2665,1290,1375,734,248,486
4479031000,2104,1058,1046,132,76,56,228,141,87,493,265,228,870,443,427,381,133,248
4479032000,2215,1156,1059,149,79,70,243,144,99,617,365,252,889,460,429,317,108,209
4479033000,3560,1862,1698,395,210,185,574,358,216,978,540,438,1214,611,603,399,143,256
4479034000,1504,789,715,120,73,47,155,92,63,404,240,164,587,301,286,238,83,155
4479035000,1895,981,914,147,77,70,204,131,73,448,282,166,800,399,401,296,92,204
4479036000,2277,1159,1118,175,86,89,211,117,94,533,338,195,1002,482,520,356,136,220
4479037000,2713,1348,1365,172,93,79,300,173,127,641,376,265,1118,547,571,482,159,323
4479038000,2178,1092,1086,150,72,78,223,140,83,496,284,212,940,461,479,369,135,234
4479039000,2080,1017,1063,131,65,66,223,128,95,510,288,222,898,432,466,318,104,214
4482500000,61526,31033,30493,7084,3621,3463,9382,5349,4033,17924,9779,8145,21687,10464,11223,5449,1820,3629
4482525000,29393,14857,14536,4882,2486,2396,5946,3311,2635,9279,4841,4438,7651,3679,3972,1635,540,1095
4482525300,8417,4177,4240,813,424,389,994,553,441,2431,1335,1096,3422,1616,1806,757,249,508
4482531000,2330,1118,1212,182,70,112,198,110,88,634,364,270,1005,472,533,311,102,209
4482532000,4197,2161,2036,265,139,126,565,363,202,1103,622,481,1768,870,898,496,167,329
4482533000,5347,2742,2605,295,152,143,515,330,185,1421,823,598,2483,1206,1277,633,231,402
4482534000,5300,2623,2677,262,145,117,447,242,205,1416,817,599,2494,1196,1298,681,223,458
4482535000,4348,2228,2120,264,140,124,517,327,190,1117,638,479,1866,929,937,584,194,390
4482536000,2194,1127,1067,121,65,56,200,113,87,523,339,184,998,496,502,352,114,238
4480000000,99324,49437,49887,16816,8697,8119,19376,10309,9067,29909,15655,14254,25668,12242,13426,7555,2534,5021
4480025000,37645,18624,19021,6439,3295,3144,8150,4375,3775,12561,6314,6247,8623,4006,4617,1872,634,1238
4480025300,8292,4104,4188,772,443,329,978,568,410,2134,1139,995,3369,1596,1773,1039,358,681
4480025600,29123,14603,14520,8057,4161,3896,7656,3789,3867,9267,4785,4482,3408,1636,1772,735,232,503
4480032000,3502,1791,1711,217,120,97,409,262,147,932,534,398,1423,704,719,521,171,350
4480033000,3411,1710,1701,327,174,153,404,245,159,906,494,412,1275,641,634,499,156,343
4480034000,2837,1356,1481,173,80,93,269,160,109,630,364,266,1206,558,648,559,194,365
4480035000,2237,1129,1108,90,47,43,201,125,76,504,308,196,1019,503,516,423,146,277
4480036000,2056,1007,1049,76,34,42,199,130,69,447,253,194,945,452,493,389,138,251
4480037000,3205,1570,1635,195,92,103,322,189,133,772,435,337,1446,697,749,470,157,313
4480038000,3521,1771,1750,213,123,90,393,239,154,806,475,331,1517,726,791,592,208,384
4480039000,3495,1772,1723,257,128,129,395,227,168,950,554,396,1437,723,714,456,140,316
4376000000,38122,19612,18510,3190,1621,1569,5048,2921,2127,11069,6143,4926,14839,7588,7251,3976,1339,2637
4376025000,9753,4993,4760,1403,711,692,2048,1135,913,3142,1715,1427,2562,1220,1342,598,212,386
4376031000,2196,1150,1046,198,96,102,233,136,97,589,345,244,911,478,433,265,95,170
4376032000,1955,994,961,114,60,54,172,99,73,575,320,255,852,430,422,242,85,157
4376033000,2428,1252,1176,124,62,62,266,159,107,651,353,298,1076,568,508,311,110,201
4376034000,3177,1600,1577,208,92,116,403,221,182,971,548,423,1262,648,614,333,91,242
4376035000,2246,1155,1091,156,82,74,261,157,104,624,354,270,937,486,451,268,76,192
4376036000,5211,2711,2500,311,171,140,461,291,170,1442,782,660,2388,1256,1132,609,211,398
4376037000,3436,1757,1679,213,102,111,343,201,142,975,551,424,1485,767,718,420,136,284
4376039000,2805,1439,1366,184,92,92,360,207,153,787,457,330,1138,568,570,336,115,221
4376040000,2105,1093,1012,114,55,59,226,139,87,548,297,251,981,527,454,236,75,161
4376041000,2810,1468,1342,165,98,67,275,176,99,765,421,344,1247,640,607,358,133,225
4380000000,28331,14360,13971,2946,1568,1378,3857,2159,1698,8406,4536,3870,10596,5228,5368,2526,869,1657
4380025000,10329,5163,5166,1504,766,738,1978,1073,905,3317,1755,1562,2913,1365,1548,617,204,413
4380025300,5223,2707,2516,630,352,278,799,473,326,1596,891,705,1778,843,935,420,148,272
4380031000,2449,1225,1224,154,78,76,208,109,99,662,369,293,1116,565,551,309,104,205
4380032000,2072,1105,967,175,108,67,179,104,75,556,308,248,943,498,445,219,87,132
4380033000,3193,1531,1662,227,123,104,245,143,102,938,468,470,1427,675,752,356,122,234
4380034000,1861,1023,838,94,61,33,143,87,56,508,282,226,900,503,397,216,90,126
4380035000,1525,781,744,48,22,26,136,77,59,387,226,161,753,394,359,201,62,139
4380036000,1679,825,854,114,58,56,169,93,76,442,237,205,766,385,381,188,52,136
4372000000,31878,16074,15804,3351,1754,1597,4263,2442,1821,8740,4865,3875,11776,5815,5961,3748,1198,2550
4372025000,14757,7346,7411,2248,1162,1086,2548,1371,1177,4502,2377,2125,4275,2046,2229,1184,390,794
4372031500,1865,971,894,107,54,53,193,127,66,520,299,221,843,416,427,202,75,127
4372032500,1455,772,683,153,74,79,238,158,80,383,236,147,501,246,255,180,58,122
4372033000,2148,1030,1118,133,69,64,153,87,66,506,287,219,1004,474,530,352,113,239
4372034000,1625,802,823,70,39,31,138,89,49,348,212,136,764,366,398,305,96,209
4372035000,2305,1176,1129,175,96,79,321,204,117,557,330,227,933,444,489,319,102,217
4372036000,1887,951,936,127,64,63,179,99,80,454,257,197,845,452,393,282,79,203
4372037000,734,401,333,44,26,18,37,22,15,179,114,65,370,203,167,104,36,68
4372038500,1726,864,862,108,56,52,140,86,54,415,252,163,779,394,385,284,76,208
4372039000,1640,843,797,91,54,37,155,99,56,409,238,171,714,364,350,271,88,183
4372040000,1736,918,818,95,60,35,161,100,61,467,263,204,748,410,338,265,85,180
4374000000,45773,22810,22963,5282,2736,2546,6777,3711,3066,13044,6997,6047,16132,7857,8275,4538,1509,3029
4374025000,20163,9954,10209,3389,1746,1643,4131,2165,1966,6360,3244,3116,5135,2424,2711,1148,375,773
4374031000,3228,1647,1581,218,107,111,387,222,165,882,501,381,1347,696,651,394,121,273
4374032000,4208,2121,2087,444,244,200,492,273,219,1142,633,509,1681,819,862,449,152,297
4374033500,2227,1113,1114,142,73,69,216,125,91,619,348,271,959,468,491,291,99,192
4374034000,1893,950,943,132,71,61,176,110,66,483,282,201,803,388,415,299,99,200
4374035000,2289,1117,1172,155,82,73,183,104,79,523,302,221,1084,527,557,344,102,242
4374036000,3119,1578,1541,246,128,118,414,254,160,857,470,387,1243,607,636,359,119,240
4374037000,973,481,492,75,42,33,70,37,33,253,147,106,421,204,217,154,51,103
4374038000,2739,1373,1366,164,80,84,247,150,97,646,371,275,1267,622,645,415,150,265
4374039000,1799,896,903,108,59,49,149,93,56,487,263,224,779,388,391,276,93,183
4374040000,3135,1580,1555,209,104,105,312,178,134,792,436,356,1413,714,699,409,148,261
4373000000,50093,25242,24851,6160,3238,2922,7792,4236,3556,14843,7985,6858,16809,8321,8488,4489,1462,3027
4373025000,29064,14541,14523,4966,2610,2356,5730,3029,2701,9462,4896,4566,7374,3470,3904,1532,536,996
4373031000,3213,1647,1566,197,103,94,371,219,152,884,490,394,1369,712,657,392,123,269
4373032000,1397,698,699,105,56,49,114,71,43,343,190,153,621,320,301,214,61,153
4373033000,1906,975,931,99,51,48,156,92,64,460,278,182,883,457,426,308,97,211
4373034000,2353,1175,1178,96,49,47,157,89,68,547,314,233,1120,590,530,433,133,300
4373035000,2968,1434,1534,179,90,89,218,122,96,678,394,284,1433,696,737,460,132,328
4373036000,4048,2083,1965,245,130,115,462,273,189,1073,630,443,1740,893,847,528,157,371
4373037000,2183,1140,1043,112,61,51,241,137,104,550,324,226,975,513,462,305,105,200
4373038000,2961,1549,1412,161,88,73,343,204,139,846,469,377,1294,670,624,317,118,199
4377000000,92197,48883,43314,12801,6677,6124,18281,10483,7798,30738,17127,13611,24729,12732,11997,5648,1864,3784
4377025000,16669,8515,8154,2149,1105,1044,3041,1684,1357,5330,2850,2480,5056,2512,2544,1093,364,729
4377025300,19566,10490,9076,3005,1609,1396,4025,2361,1664,7079,3926,3153,4524,2270,2254,933,324,609
4377031000,2869,1467,1402,159,85,74,293,187,106,699,401,298,1280,641,639,438,153,285
4377032000,3001,1560,1441,169,90,79,319,189,130,727,422,305,1367,733,634,419,126,293
4377033000,13082,6929,6153,2574,1336,1238,3656,1956,1700,4092,2244,1848,2301,1241,1060,459,152,307
4377034000,15770,8629,7141,2544,1325,1219,3438,2047,1391,6063,3416,2647,3118,1651,1467,607,190,417
4377035000,6815,3793,3022,621,342,279,1098,682,416,2294,1376,918,2279,1228,1051,523,165,358
4377036000,4511,2440,2071,373,197,176,623,398,225,1355,801,554,1694,885,809,466,159,307
4377037000,9914,5060,4854,1207,588,619,1788,979,809,3099,1691,1408,3110,1571,1539,710,231,479
4315000000,131591,66170,65421,19527,10076,9451,26583,14522,12061,41157,21110,20047,36697,17805,18892,7627,2657,4970
4315025000,6712,3425,3287,562,289,273,846,474,372,1922,1044,878,2731,1390,1341,651,228,423
4315031000,1895,1015,880,124,80,44,197,120,77,484,270,214,836,461,375,254,84,170
4315032000,1268,651,617,69,35,34,123,75,48,326,183,143,589,300,289,161,58,103
4315033000,2016,1052,964,98,52,46,140,96,44,514,283,231,1001,529,472,263,92,171
4315034000,2141,1091,1050,250,138,112,141,77,64,513,287,226,982,505,477,255,84,171
4315035000,700,359,341,57,29,28,64,42,22,208,119,89,286,140,146,85,29,56
4315036000,3325,1719,1606,218,126,92,295,176,119,822,445,377,1566,818,748,424,154,270
4315038000,4627,2435,2192,300,162,138,570,367,203,1227,672,555,2020,1047,973,510,187,323
4315051000,18544,9139,9405,3748,1905,1843,4080,2137,1943,6617,3231,3386,3526,1677,1849,573,189,384
4315051800,9927,4910,5017,1852,960,892,2202,1158,1044,3395,1687,1708,2073,976,1097,405,129,276
4315052800,5739,2853,2886,615,312,303,1096,594,502,1670,871,799,1973,919,1054,385,157,228
4315053700,4917,2462,2455,484,247,237,960,560,400,1417,741,676,1771,806,965,285,108,177
4315054700,10146,5086,5060,1655,874,781,2101,1113,988,3173,1654,1519,2648,1238,1410,569,207,362
4315056000,17816,8899,8917,3004,1522,1482,4691,2552,2139,5709,2842,2867,3691,1773,1918,721,210,511
4315057700,11143,5576,5567,1815,928,887,2345,1295,1050,3818,1927,1891,2632,1248,1384,533,178,355
4315059000,15441,7771,7670,1690,889,801,3204,1825,1379,4633,2353,2280,5058,2401,2657,856,303,553
4315060500,15234,7727,7507,2986,1528,1458,3528,1861,1667,4709,2501,2208,3314,1577,1737,697,260,437
4374500000,36426,18993,17433,6284,3278,3006,8820,5085,3735,11480,6110,5370,8095,3942,4153,1747,578,1169
4374525000,34617,18045,16572,6175,3220,2955,8614,4961,3653,10981,5822,5159,7346,3543,3803,1501,499,1002
4374531000,1809,948,861,109,58,51,206,124,82,499,288,211,749,399,350,246,79,167
4375000000,85176,44715,40461,15742,8137,7605,20621,11657,8964,27739,15137,12602,16918,8426,8492,4156,1358,2798
4375025000,30157,15512,14645,5307,2760,2547,6979,3898,3081,10307,5461,4846,6162,2925,3237,1402,468,934
4375025300,29625,15646,13979,7491,3834,3657,9143,4988,4155,9247,5068,4179,3115,1545,1570,629,211,418
4375025400,0,0,0,0,0,0,0,0,0,0,0,0,0,0,0,0,0,0
4375032000,3118,1618,1500,236,120,116,371,234,137,853,510,343,1223,628,595,435,126,309
4375033000,3469,1816,1653,248,114,134,477,296,181,1042,589,453,1312,694,618,390,123,267
4375034000,2082,1068,1014,117,63,54,203,122,81,534,313,221,919,467,452,309,103,206
4375035000,6211,3304,2907,561,301,260,1044,655,389,1891,1058,833,2138,1109,1029,577,181,396
4375037000,10514,5751,4763,1782,945,837,2404,1464,940,3865,2138,1727,2049,1058,991,414,146,268
4313000000,209358,105932,103426,32228,16518,15710,46450,26055,20395,67154,34469,32685,51596,24923,26673,11930,3967,7963
4313025000,4801,2468,2333,292,157,135,646,401,245,1430,799,631,1898,931,967,535,180,355
4313031000,2009,1025,984,91,45,46,201,119,82,546,298,248,945,491,454,226,72,154
4313032500,2921,1486,1435,173,92,81,306,192,114,800,454,346,1306,646,660,336,102,234
4313033500,9029,5102,3927,1007,516,491,2835,1818,1017,2716,1567,1149,1993,1042,951,478,159,319
4313035000,2928,1503,1425,124,61,63,316,200,116,732,428,304,1316,655,661,440,159,281
4313036000,2246,1144,1102,128,76,52,212,126,86,528,304,224,1047,526,521,331,112,219
4313037000,3952,2036,1916,173,100,73,409,264,145,1072,587,485,1799,915,884,499,170,329
4313038500,13567,6964,6603,3061,1516,1545,4516,2466,2050,3782,1977,1805,1800,876,924,408,129,279
4313039000,3778,2048,1730,582,289,293,974,616,358,991,580,411,952,460,492,279,103,176
4313040000,3608,1827,1781,260,113,147,406,234,172,1001,561,440,1471,753,718,470,166,304
4313041000,2247,1158,1089,123,69,54,233,149,84,597,316,281,970,493,477,324,131,193
4313042000,3089,1559,1530,197,113,84,293,164,129,767,422,345,1389,709,680,443,151,292
4313043000,1948,993,955,134,70,64,212,121,91,469,250,219,859,451,408,274,101,173
4313051500,2657,1319,1338,244,118,126,467,281,186,794,435,359,896,395,501,256,90,166
4313053500,23334,11625,11709,4033,2080,1953,4970,2731,2239,7894,3962,3932,5343,2522,2821,1094,330,764
4313054000,6807,3464,3343,735,371,364,1375,827,548,2124,1122,1002,2085,988,1097,488,156,332
4313055000,15150,7425,7725,3113,1605,1508,3354,1782,1572,5404,2594,2810,2736,1260,1476,543,184,359
4313056000,5137,2560,2577,701,365,336,948,529,419,1641,845,796,1479,679,800,368,142,226
4313057100,9388,4710,4678,958,484,474,1810,998,812,2815,1492,1323,3114,1469,1645,691,267,424
4313058000,19987,9941,10046,4616,2344,2272,5461,2876,2585,6656,3274,3382,2795,1321,1474,459,126,333
4313060500,3711,2005,1706,241,129,112,770,477,293,1100,636,464,1285,662,623,315,101,214
4313061000,9237,4796,4441,1200,608,592,2046,1166,880,3073,1685,1388,2502,1192,1310,416,145,271
4313062500,14463,7134,7329,2612,1361,1251,3266,1751,1515,5208,2518,2690,2841,1334,1507,536,170,366
4313063000,36807,18237,18570,6218,3187,3031,8934,4940,3994,12676,6140,6536,7540,3533,4007,1439,437,1002
4313064000,6557,3403,3154,1212,649,563,1490,827,663,2338,1223,1115,1235,620,615,282,84,198
4128000000,1079353,528094,551259,180292,92031,88261,289324,146201,143123,374431,182506,191925,194509,93157,101352,40797,14199,26598
4128100000,482927,238375,244552,78347,39998,38349,130943,66773,64170,162398,80996,81402,92828,44171,48657,18411,6437,11974
4128151000,14463,7456,7007,1559,858,701,3532,1969,1563,5034,2617,2417,3645,1789,1856,693,223,470
4128152000,23609,11296,12313,4998,2436,2562,5885,2833,3052,7697,3792,3905,4395,2012,2383,634,223,411
4128153000,48468,23416,25052,9629,4826,4803,13611,6522,7089,16049,7946,8103,7892,3667,4225,1287,455,832
4128154000,21801,10863,10938,3012,1579,1433,5553,2930,2623,7566,3857,3709,4698,2164,2534,972,333,639
4128155000,11343,5494,5849,1566,809,757,2752,1444,1308,3713,1776,1937,2641,1229,1412,671,236,435
4128156000,15329,7477,7852,3172,1551,1621,4745,2220,2525,4638,2401,2237,2370,1180,1190,404,125,279
4128157500,25416,12218,13198,4272,2151,2121,7708,3709,3999,8008,3900,4108,4638,2182,2456,790,276,514
4128158000,23536,11697,11839,4451,2288,2163,7974,3906,4068,7132,3641,3491,3435,1647,1788,544,215,329
4128159000,29761,14971,14790,5043,2605,2438,6580,3492,3088,10213,5274,4939,6633,3108,3525,1292,492,800
4128160000,36505,18514,17991,4706,2430,2276,8128,4428,3700,12563,6541,6022,9366,4483,4883,1742,632,1110
4128161000,15346,7886,7460,1978,1056,922,3830,2101,1729,5267,2647,2620,3590,1831,1759,681,251,430
4128162100,37403,18191,19212,5297,2751,2546,10353,5257,5096,12881,6182,6699,7047,3302,3745,1825,699,1126
4128162200,32732,15903,16829,5909,3037,2872,8754,4408,4346,11719,5609,6110,5067,2392,2675,1283,457,826
4128163000,18690,9793,8897,1800,947,853,5095,2855,2240,6378,3456,2922,4524,2240,2284,893,295,598
4128164000,21496,10471,11025,3151,1602,1549,5600,2884,2716,7509,3629,3880,4355,2053,2302,881,303,578
4128165000,31715,15571,16144,4787,2463,2324,9635,4997,4638,10532,5066,5466,5555,2654,2901,1206,391,815
4128165500,45093,21916,23177,7015,3567,3448,11808,6111,5697,16165,7749,8416,8270,3930,4340,1835,559,1276
4128166000,27801,13847,13954,5810,2950,2860,8716,4283,4433,8603,4467,4136,4013,1925,2088,659,222,437
4128167000,2420,1395,1025,192,92,100,684,424,260,731,446,285,694,383,311,119,50,69
4128500000,298873,145362,153511,48534,24884,23650,81941,40880,41061,106021,50887,55134,51478,24943,26535,10899,3768,7131
4128551000,37221,18105,19116,8442,4342,4100,9039,4365,4674,13998,6687,7311,4862,2400,2462,880,311,569
4128552000,46603,22503,24100,7458,3850,3608,11977,6152,5825,16167,7554,8613,8975,4270,4705,2026,677,1349
4128553000,23357,11286,12071,3257,1671,1586,6709,3465,3244,7882,3662,4220,4601,2173,2428,908,315,593
4128554000,38677,18616,20061,7295,3706,3589,9847,4929,4918,13514,6370,7144,6696,3137,3559,1325,474,851
4128555100,30310,14436,15874,4513,2296,2217,9192,4486,4706,10571,4939,5632,5093,2370,2723,941,345,596
4128555200,20806,10001,10805,2108,1063,1045,6748,3182,3566,7471,3733,3738,3664,1772,1892,815,251,564
4128556000,24015,11561,12454,4542,2309,2233,5888,2903,2985,8713,4073,4640,4003,1987,2016,869,289,580
4128557000,16245,7665,8580,3310,1693,1617,3690,1747,1943,5933,2752,3181,2511,1191,1320,801,282,519
4128558000,11399,5794,5605,2299,1219,1080,3121,1502,1619,4078,2090,1988,1688,912,776,213,71,142
4128559000,27085,13245,13840,2517,1268,1249,9908,4864,5044,9684,4759,4925,3978,1962,2016,998,392,606
4128560000,23155,12150,11005,2793,1467,1326,5822,3285,2537,8010,4268,3742,5407,2769,2638,1123,361,762
4128700000,297553,144357,153196,53411,27149,26262,76440,38548,37892,106012,50623,55389,50203,24043,26160,11487,3994,7493
4128751000,26987,13042,13945,4335,2191,2144,6942,3524,3418,9254,4420,4834,5315,2493,2822,1141,414,727
4128752000,18318,9074,9244,2237,1123,1114,4474,2342,2132,6505,3239,3266,4258,2087,2171,844,283,561
4128753000,35240,17066,18174,8114,4182,3932,7924,3996,3928,13439,6207,7232,4735,2339,2396,1028,342,686
4128754000,51256,25047,26209,9627,4921,4706,13979,7035,6944,18494,8963,9531,7423,3540,3883,1733,588,1145
4128755000,27856,13052,14804,4786,2428,2358,6957,3430,3527,9527,4340,5187,5018,2308,2710,1568,546,1022
4128756000,28826,13473,15353,5014,2529,2485,6961,3426,3535,9740,4472,5268,5399,2463,2936,1712,583,1129
4128757000,36112,17578,18534,5068,2644,2424,11423,5726,5697,12231,5795,6436,6190,3015,3175,1200,398,802
4128758000,21509,10648,10861,3802,1910,1892,5681,2944,2737,7657,3710,3947,3637,1789,1848,732,295,437
4128759000,51449,25377,26072,10428,5221,5207,12099,6125,5974,19165,9477,9688,8228,4009,4219,1529,545,984
4113000000,930948,461131,469817,151227,77397,73830,262684,134453,128231,308429,153144,155285,178005,85072,92933,30603,11065,19538
4113100000,235988,119517,116471,31725,16166,15559,68623,36427,32196,76343,39662,36681,51738,24615,27123,7559,2647,4912
4113151000,13436,7096,6340,1155,607,548,3792,2118,1674,4495,2564,1931,3493,1654,1839,501,153,348
4113152000,20263,9885,10378,3346,1652,1694,5838,2931,2907,6556,3169,3387,4087,1977,2110,436,156,280
4113153000,11325,5986,5339,1040,539,501,3215,1790,1425,3855,2135,1720,2823,1374,1449,392,148,244
4113154000,15395,7923,7472,1173,617,556,4994,2708,2286,4672,2536,2136,3924,1826,2098,632,236,396
4113155000,15402,7759,7643,1736,893,843,4590,2476,2114,4889,2529,2360,3570,1663,1907,617,198,419
4113156000,13336,6857,6479,1444,719,725,3576,2009,1567,4418,2343,2075,3382,1608,1774,516,178,338
4113156100,13224,6698,6526,1732,879,853,3691,2023,1668,4341,2225,2116,2933,1373,1560,527,198,329
4113157000,12388,6472,5916,950,506,444,3169,1785,1384,4173,2319,1854,3569,1692,1877,527,170,357
4113158000,15851,8018,7833,1735,889,846,4311,2324,1987,5035,2558,2477,4200,2006,2194,570,241,329
4113159000,15614,7672,7942,2260,1169,1091,4247,2209,2038,5035,2501,2534,3478,1583,1895,594,210,384
4113160000,5372,2724,2648,767,400,367,1324,729,595,1766,912,854,1310,607,703,205,76,129
4113161000,9896,4903,4993,1413,710,703,2408,1275,1133,3373,1702,1671,2328,1076,1252,374,140,234
4113162000,10955,6109,4846,1081,556,525,4702,2699,2003,3419,2007,1412,1574,778,796,179,69,110
4113162500,45333,22124,23209,8893,4465,4428,12326,5931,6395,15235,7551,7684,7827,3835,3992,1052,342,710
4113163000,4661,2480,2181,924,483,441,1621,942,679,1316,687,629,699,334,365,101,34,67
4113164000,10478,5199,5279,1787,923,864,3811,1908,1903,2907,1474,1433,1751,835,916,222,59,163
4113165000,3059,1612,1447,289,159,130,1008,570,438,858,450,408,790,394,396,114,39,75
4113300000,210777,106772,104005,27784,14284,13500,60521,32093,28428,68337,35247,33090,47232,22785,24447,6903,2363,4540
4113351000,33802,17605,16197,3289,1662,1627,11665,6363,5302,10199,5477,4722,7449,3665,3784,1200,438,762
4113352500,12093,6350,5743,1585,836,749,3025,1611,1414,4144,2295,1849,2951,1460,1491,388,148,240
4113353000,6713,3470,3243,794,410,384,1932,1026,906,2148,1138,1010,1617,809,808,222,87,135
4113354000,25814,12732,13082,3266,1623,1643,7601,3873,3728,8209,4131,4078,5872,2784,3088,866,321,545
4113355000,10335,5081,5254,1537,793,744,3137,1579,1558,3252,1609,1643,2078,991,1087,331,109,222
4113356000,23824,11790,12034,2989,1554,1435,6526,3485,3041,7777,3896,3881,5606,2527,3079,926,328,598
4113357000,25256,13098,12158,3259,1690,1569,7271,4011,3260,8258,4373,3885,5681,2759,2922,787,265,522
4113358000,12901,6711,6190,1314,652,662,3091,1718,1373,4525,2491,2034,3468,1705,1763,503,145,358
4113359000,12223,6385,5838,1327,691,636,3265,1810,1455,4107,2199,1908,3119,1562,1557,405,123,282
4113366000,20520,10339,10181,2978,1557,1421,5772,3066,2706,6615,3265,3350,4569,2275,2294,586,176,410
4113367000,27296,13211,14085,5446,2816,2630,7236,3551,3685,9103,4373,4730,4822,2248,2574,689,223,466
4113500000,484183,234842,249341,91718,46947,44771,133540,65933,67607,163749,78235,85514,79035,37672,41363,16141,6055,10086
4113551000,25713,12638,13075,4658,2417,2241,7147,3678,3469,8558,4051,4507,4449,2127,2322,901,365,536
4113552000,17620,8395,9225,3343,1726,1617,4683,2253,2430,6448,3035,3413,2349,1084,1265,797,297,500
4113553000,10478,5098,5380,3098,1555,1543,1718,816,902,4102,2016,2086,1239,590,649,321,121,200
4113554000,13729,6845,6884,3311,1725,1586,3247,1700,1547,5231,2523,2708,1650,795,855,290,102,188
4113554500,19296,9670,9626,3216,1651,1565,6318,3348,2970,6028,2906,3122,3225,1552,1673,509,213,296
4113555000,30475,14339,16136,5182,2562,2620,9399,4296,5103,10591,4972,5619,4219,2011,2208,1084,498,586
4113556000,15413,7298,8115,2131,1154,977,4799,2402,2397,4819,2251,2568,2885,1275,1610,779,216,563
4113557000,16592,8045,8547,3422,1767,1655,4462,2216,2246,5708,2744,2964,2340,1063,1277,660,255,405
4113558000,31856,15399,16457,6527,3330,3197,8575,4212,4363,11188,5309,5879,4471,2119,2352,1095,429,666
4113559000,18309,9052,9257,3532,1849,1683,4976,2579,2397,6382,2999,3383,2877,1428,1449,542,197,345
4113560000,25273,12338,12935,5143,2638,2505,6682,3355,3327,8498,4057,4441,4138,1977,2161,812,311,501
4113561000,13280,6471,6809,2678,1386,1292,3051,1494,1557,4594,2142,2452,2476,1251,1225,481,198,283
4113562000,17231,8560,8671,2463,1272,1191,5374,2766,2608,5277,2572,2705,3540,1722,1818,577,228,349
4113563000,16423,7818,8605,2952,1487,1465,4034,1917,2117,5235,2443,2792,3497,1690,1807,705,281,424
4113564000,28163,13859,14304,3920,1980,1940,9025,4770,4255,8516,4129,4387,5738,2681,3057,964,299,665
4113565000,26442,12997,13445,6755,3495,3260,6153,2862,3291,9710,4789,4921,3368,1671,1697,456,180,276
4113565500,24442,11890,12552,5488,2805,2683,6410,3040,3370,8550,4200,4350,3475,1661,1814,519,184,335
4113565700,26907,12995,13912,5540,2864,2676,7156,3464,3692,9384,4441,4943,4252,2037,2215,575,189,386
4113566200,27934,13115,14819,4025,2016,2009,8233,3971,4262,8702,4056,4646,5638,2594,3044,1336,478,858
4113566500,17173,8303,8870,2773,1385,1388,5248,2609,2639,5679,2716,2963,2870,1358,1512,603,235,368
4113567000,30543,14612,15931,4596,2335,2261,8698,4332,4366,9813,4620,5193,5869,2746,3123,1567,579,988
4113568000,30891,15105,15786,6965,3548,3417,8152,3853,4299,10736,5264,5472,4470,2240,2230,568,200,368
4111000000,1183714,595933,587781,206406,106413,99993,361463,189700,171763,396711,198852,197859,188155,90529,97626,30979,10439,20540
4111100000,273835,137861,135974,45267,23367,21900,76577,41230,35347,93439,46497,46942,49218,23513,25705,9334,3254,6080
4111156000,23285,11779,11506,2991,1552,1439,6239,3400,2839,7895,4023,3872,5215,2485,2730,945,319,626
4111156600,42174,22330,19844,6780,3511,3269,15719,9242,6477,12807,6392,6415,5802,2835,2967,1066,350,716
4111157100,28902,14208,14694,5613,2953,2660,7255,3752,3503,10425,5012,5413,4710,2187,2523,899,304,595
4111157200,36046,17682,18364,6668,3355,3313,9996,5084,4912,12302,6093,6209,5940,2733,3207,1140,417,723
4111157300,41447,20698,20749,9746,5058,4688,10437,5339,5098,15976,7807,8169,4439,2216,2223,849,278,571
4111158000,19910,10169,9741,1944,1000,944,4957,2684,2273,6651,3527,3124,5513,2632,2881,845,326,519
4111159100,19459,9657,9802,2725,1421,1304,5490,2826,2664,6589,3272,3317,4004,1911,2093,651,227,424
4111159700,28186,14231,13955,3966,2070,1896,7410,4007,3403,9576,4824,4752,6054,2924,3130,1180,406,774
4111159800,18535,8912,9623,3239,1630,1609,4697,2355,2342,6464,2966,3498,3309,1655,1654,826,306,520
4111160000,15891,8195,7696,1595,817,778,4377,2541,1836,4754,2581,2173,4232,1935,2297,933,321,612
4111300000,364136,183925,180211,62315,32177,30138,109335,57437,51898,122070,61650,60420,61160,29620,31540,9256,3041,6215
4111352000,10097,5069,5028,1412,735,677,3098,1625,1473,3268,1651,1617,1990,944,1046,329,114,215
4111353000,23648,12215,11433,2612,1339,1273,7147,4001,3146,7798,4087,3711,5234,2460,2774,857,328,529
4111354000,18731,9443,9288,2255,1136,1119,5066,2738,2328,6273,3219,3054,4429,2096,2333,708,254,454
4111355000,40351,20418,19933,6350,3300,3050,11754,6285,5469,13395,6684,6711,7656,3773,3883,1196,376,820
4111356000,37982,19351,18631,5237,2701,2536,11250,6103,5147,12639,6530,6109,7718,3640,4078,1138,377,761
4111365000,24235,12259,11976,3209,1641,1568,6958,3725,3233,8231,4167,4064,5044,2476,2568,793,250,543
4111366200,45466,22398,23068,9517,4921,4596,12486,6302,6184,15676,7649,8027,6650,3163,3487,1137,363,774
4111366400,46236,23003,23233,11368,5830,5538,13389,6602,6787,14825,7522,7303,5817,2788,3029,837,261,576
4111367000,24679,12620,12059,2800,1479,1321,9563,5013,4550,7655,3907,3748,4102,2043,2059,559,178,381
4111368000,48445,23817,24628,10516,5482,5034,13898,6975,6923,16695,7936,8759,6536,3175,3361,800,249,551
4111369000,27737,14968,12769,3739,1903,1836,10608,5932,4676,9613,5264,4349,3261,1708,1553,516,161,355
4111370000,16529,8364,8165,3300,1710,1590,4118,2136,1982,6002,3034,2968,2723,1354,1369,386,130,256
4111500000,182321,91926,90395,23739,12122,11617,57369,30297,27072,58577,30030,28547,36499,17341,19158,6137,2136,4001
4111565000,5876,3099,2777,538,282,256,1799,968,831,1880,1079,801,1392,665,727,267,105,162
4111566000,10308,5541,4767,856,439,417,3329,1882,1447,3265,1830,1435,2458,1243,1215,400,147,253
4111567000,20018,10092,9926,3017,1507,1510,6262,3292,2970,6209,3194,3015,3945,1874,2071,585,225,360
4111568000,22497,10921,11576,3419,1697,1722,5673,2895,2778,7599,3699,3900,4981,2332,2649,825,298,527
4111569000,25696,12638,13058,4537,2327,2210,7344,3732,3612,9053,4338,4715,4021,1992,2029,741,249,492
4111570000,10633,5435,5198,1036,558,478,2361,1320,1041,3457,1880,1577,3201,1486,1715,578,191,387
4111571000,20058,9994,10064,2077,1086,991,6113,3314,2799,6412,3283,3129,4689,2068,2621,767,243,524
4111572000,16900,8500,8400,2794,1476,1318,5772,3127,2645,5293,2548,2745,2602,1198,1404,439,151,288
4111573000,39870,20100,19770,4774,2386,2388,15900,8266,7634,12121,6224,5897,6101,2910,3191,974,314,660
4111574000,10465,5606,4859,691,364,327,2816,1501,1315,3288,1955,1333,3109,1573,1536,561,213,348
4111700000,363422,182221,181201,75085,38747,36338,118182,60736,57446,122625,60675,61950,41278,20055,21223,6252,2008,4244
4111751000,17612,8866,8746,2787,1415,1372,5283,2866,2417,6034,2973,3061,3104,1485,1619,404,127,277
4111752000,14781,7347,7434,2250,1214,1036,4319,2242,2077,4998,2423,2575,2775,1335,1440,439,133,306
4111753000,35982,18656,17326,6859,3525,3334,11857,6616,5241,12362,6250,6112,4218,2059,2159,686,206,480
4111754000,21431,10479,10952,3311,1719,1592,6754,3589,3165,7289,3395,3894,3511,1601,1910,566,175,391
4111755000,38806,19645,19161,7805,4044,3761,13476,6867,6609,12200,6349,5851,4635,2168,2467,690,217,473
4111757000,34785,17108,17677,7851,4032,3819,10059,5061,4998,12479,6000,6479,3731,1779,1952,665,236,429
4111758000,26188,13855,12333,4476,2313,2163,12004,6742,5262,7414,3768,3646,1934,914,1020,360,118,242
4111758500,32527,16629,15898,6581,3412,3169,10836,5790,5046,11317,5543,5774,3250,1702,1548,543,182,361
4111759300,31076,15662,15414,7234,3675,3559,9235,4779,4456,10881,5384,5497,3271,1684,1587,455,140,315
4111759600,27872,13922,13950,7468,3902,3566,8318,4001,4317,9512,4776,4736,2279,1152,1127,295,91,204
4111760000,53025,25928,27097,12049,6214,5835,17788,8205,9583,18059,8962,9097,4549,2343,2206,580,204,376
4111761000,29337,14124,15213,6414,3282,3132,8253,3978,4275,10080,4852,5228,4021,1833,2188,569,179,390
4127000000,652726,334646,318080,103013,52860,50153,190546,102489,88057,232017,118611,113406,109407,55100,54307,17743,5586,12157
4127100000,350668,178943,171725,54927,28102,26825,101671,54597,47074,124810,63580,61230,59037,29412,29625,10223,3252,6971
4127151000,24691,12606,12085,3931,1935,1996,6734,3572,3162,9020,4797,4223,4246,2052,2194,760,250,510
4127151500,23874,12812,11062,2492,1275,1217,8033,4495,3538,8366,4633,3733,4235,2160,2075,748,249,499
4127152500,32603,17137,15466,4333,2255,2078,10502,5952,4550,11645,6203,5442,4752,2345,2407,1371,382,989
4127153200,32581,16491,16090,5724,2960,2764,9376,4959,4417,11627,5808,5819,5062,2517,2545,792,247,545
4127153700,41279,20790,20489,9530,4769,4761,12858,6612,6246,14020,6893,7127,4434,2388,2046,437,128,309
4127154000,37238,19342,17896,6179,3242,2937,10287,5556,4731,13927,7305,6622,5817,2890,2927,1028,349,679
4127155000,26186,12989,13197,4003,1993,2010,7165,3760,3405,9547,4699,4848,4624,2256,2368,847,281,566
4127156000,19572,9743,9829,2414,1233,1181,5747,3047,2700,7078,3468,3610,3624,1740,1884,709,255,454
4127157000,21624,11108,10516,3413,1707,1706,5657,3063,2594,8156,4253,3903,3741,1873,1868,657,212,445
4127158000,38102,19447,18655,5505,2906,2599,11440,6157,5283,13708,6833,6875,6405,3255,3150,1044,296,748
4127159000,26272,12847,13425,3996,2086,1910,7703,4003,3700,8882,4059,4823,4967,2478,2489,724,221,503
4127160000,17516,8837,8679,2223,1134,1089,4141,2259,1882,5679,2905,2774,4734,2265,2469,739,274,465
4127161000,9130,4794,4336,1184,607,577,2028,1162,866,3155,1724,1431,2396,1193,1203,367,108,259
4127300000,302058,155703,146355,48086,24758,23328,88875,47892,40983,107207,55031,52176,50370,25688,24682,7520,2334,5186
4127351000,38243,20194,18049,6128,3187,2941,10722,6001,4721,14408,7765,6643,6027,2972,3055,958,269,689
4127352500,21554,10787,10767,2870,1467,1403,7212,3792,3420,7209,3606,3603,3669,1749,1920,594,173,421
4127353200,24506,12227,12279,3419,1748,1671,8998,4621,4377,7849,3819,4030,3781,1921,1860,459,118,341
4127353500,43745,21946,21799,8383,4286,4097,12632,6456,6176,15852,7619,8233,6072,3326,2746,806,259,547
4127354500,6045,3471,2574,574,291,283,1048,637,411,2487,1523,964,1644,907,737,292,113,179
4127355500,21344,10723,10621,3487,1762,1725,6379,3331,3048,7225,3534,3691,3855,1962,1893,398,134,264
4127356500,22471,12061,10410,3906,2006,1900,5819,3339,2480,8299,4539,3760,3876,1984,1892,571,193,378
4127357000,46921,24090,22831,8156,4172,3984,14613,8001,6612,16161,8191,7970,6825,3381,3444,1166,345,821
4127358000,17672,9070,8602,2617,1376,1241,5551,3056,2495,5967,2993,2974,3100,1523,1577,437,122,315
4127359000,15948,8620,7328,2271,1194,1077,4229,2321,1908,6128,3441,2687,2876,1513,1363,444,151,293
4127360000,34549,17758,16791,5614,2905,2709,10291,5548,4743,12687,6409,6278,5212,2685,2527,745,211,534
4127361000,9060,4756,4304,661,364,297,1381,789,592,2935,1592,1343,3433,1765,1668,650,246,404
4117000000,547178,270496,276682,88655,45613,43042,152207,78576,73631,181715,88862,92853,107524,51736,55788,17077,5709,11368
4117100000,238311,119239,119072,32917,16940,15977,66686,35017,31669,76950,38582,38368,53331,25781,27550,8427,2919,5508
4117151000,12485,6247,6238,1877,959,918,3731,1894,1837,4139,2088,2051,2383,1166,1217,355,140,215
4117152000,21277,10669,10608,2497,1262,1235,6203,3226,2977,6705,3372,3333,5096,2534,2562,776,275,501
4117153000,16484,8207,8277,1998,1031,967,4492,2443,2049,5245,2590,2655,4161,1935,2226,588,208,380
4117154000,6949,3470,3479,678,345,333,1893,972,921,2202,1182,1020,1763,811,952,413,160,253
4117155000,10254,5079,5175,1136,595,541,2660,1398,1262,3239,1655,1584,2713,1256,1457,506,175,331
4117156000,26355,13467,12888,3391,1716,1675,9095,4842,4253,8030,4170,3860,5048,2460,2588,791,279,512
4117157000,15654,7671,7983,3006,1492,1514,4512,2190,2322,5203,2634,2569,2611,1237,1374,322,118,204
4117158000,10604,5506,5098,1043,539,504,2975,1719,1256,3357,1749,1608,2810,1345,1465,419,154,265
4117158100,17247,8508,8739,2075,1042,1033,4430,2405,2025,5442,2638,2804,4562,2164,2398,738,259,479
4117159000,19397,9520,9877,2779,1490,1289,5092,2594,2498,6263,2970,3293,4524,2228,2296,739,238,501
4117160000,31304,15666,15638,4490,2364,2126,8310,4278,4032,10535,5291,5244,6823,3336,3487,1146,397,749
4117161000,13162,6633,6529,2083,1074,1009,3305,1786,1519,4455,2216,2239,2875,1425,1450,444,132,312
4117162100,14903,7474,7429,1690,845,845,3685,1977,1708,5038,2604,2434,3841,1839,2002,649,209,440
4117163000,22236,11122,11114,4174,2186,1988,6303,3293,3010,7097,3423,3674,4121,2045,2076,541,175,366
4117300000,308867,151257,157610,55738,28673,27065,85521,43559,41962,104765,50280,54485,54193,25955,28238,8650,2790,5860
4117351000,21113,10317,10796,3741,1963,1778,5496,2727,2769,7132,3385,3747,4185,2040,2145,559,202,357
4117352000,13029,6356,6673,2271,1146,1125,3620,1837,1783,4300,2062,2238,2519,1216,1303,319,95,224
4117353000,12292,6159,6133,1475,786,689,3366,1811,1555,3983,1957,2026,2963,1446,1517,505,159,346
4117354000,16995,8131,8864,3438,1807,1631,4076,2018,2058,5892,2771,3121,3067,1383,1684,522,152,370
4117354600,10684,4828,5856,1303,669,634,3595,1733,1862,3386,1528,1858,1958,782,1176,442,116,326
4117355000,35843,17466,18377,4625,2436,2189,10239,5422,4817,11573,5436,6137,8085,3753,4332,1321,419,902
4117356000,18854,9567,9287,2530,1248,1282,5756,3154,2602,6287,3145,3142,3689,1810,1879,592,210,382
4117356600,26575,12890,13685,4308,2181,2127,9112,4623,4489,8816,4204,4612,3687,1674,2013,652,208,444
4117357000,14496,7115,7381,2838,1442,1396,3843,1931,1912,5233,2497,2736,2194,1104,1090,388,141,247
4117357600,23325,11343,11982,5928,3051,2877,5513,2674,2839,8562,4143,4419,2771,1319,1452,551,156,395
4117357800,16607,8190,8417,4794,2544,2250,2962,1405,1557,6588,3180,3408,1904,933,971,359,128,231
4117358000,18050,9071,8979,4062,2095,1967,5802,2866,2936,5678,2914,2764,2252,1116,1136,256,80,176
4117359000,19722,9713,10009,2897,1484,1413,6082,3149,2933,6307,3004,3303,3940,1905,2035,496,171,325
4117360000,21982,10999,10983,3557,1778,1779,6278,3281,2997,7315,3557,3758,4293,2222,2071,539,161,378
4117361000,15593,7470,8123,3338,1720,1618,4004,1947,2057,5510,2576,2934,2248,1065,1183,493,162,331
4117362000,12786,6314,6472,2424,1241,1183,3298,1696,1602,4437,2100,2337,2339,1180,1159,288,97,191
4117363000,10921,5328,5593,2209,1082,1127,2479,1285,1194,3766,1821,1945,2099,1007,1092,368,133,235
4146000000,1077508,534459,543049,215027,109961,105066,278423,141614,136809,368926,184249,184677,179977,84519,95458,35155,14116,21039
4146100000,260198,133503,126695,44668,23045,21623,68083,36725,31358,87632,45656,41976,50638,24869,25769,9177,3208,5969
4146125000,33495,17300,16195,5753,2977,2776,8644,4802,3842,12013,6281,5732,5974,2874,3100,1111,366,745
4146125300,27119,14224,12895,4247,2252,1995,6575,3572,3003,9426,5062,4364,5864,2957,2907,1007,381,626
4146125600,20446,10468,9978,3222,1629,1593,4494,2549,1945,7062,3744,3318,4732,2260,2472,936,286,650
4146125900,23904,12065,11839,5231,2646,2585,5815,2953,2862,7493,3917,3576,4617,2281,2336,748,268,480
4146134000,8278,4305,3973,901,462,439,1412,816,596,2624,1412,1212,2744,1405,1339,597,210,387
4146135000,8394,4555,3839,697,381,316,1572,961,611,2530,1483,1047,2846,1474,1372,749,256,493
4146136000,19493,10363,9130,3042,1627,1415,4918,2795,2123,6599,3552,3047,4152,2132,2020,782,257,525
4146151000,25010,12718,12292,3691,1889,1802,7650,4132,3518,8089,4155,3934,4753,2256,2497,827,286,541
4146152500,31872,16097,15775,6587,3344,3243,10921,5631,5290,9803,4966,4837,3988,1943,2045,573,213,360
4146152600,12637,6201,6436,2300,1190,1110,3474,1757,1717,4395,2124,2271,2096,983,1113,372,147,225
4146153000,36320,18337,17983,7222,3693,3529,9362,4936,4426,13077,6643,6434,5675,2706,2969,984,359,625
4146154000,13230,6870,6360,1775,955,820,3246,1821,1425,4521,2317,2204,3197,1598,1599,491,179,312
4146300000,441742,217999,223743,90206,46235,43971,114282,57924,56358,152320,75420,76900,70659,32569,38090,14275,5851,8424
4146351000,38287,19122,19165,6688,3419,3269,10947,5634,5313,12751,6434,6317,6596,3110,3486,1305,525,780
4146351600,30389,15116,15273,6706,3445,3261,8141,4155,3986,10975,5471,5504,3972,1860,2112,595,185,410
4146351700,17504,8645,8859,3023,1512,1511,5558,2882,2676,5522,2702,2820,2613,1268,1345,788,281,507
4146352000,41715,20866,20849,7360,3795,3565,14050,7015,7035,13712,6962,6750,5739,2775,2964,854,319,535
4146353000,13188,6821,6367,2090,1082,1008,3819,2073,1746,4526,2393,2133,2272,1064,1208,481,209,272
4146353500,33285,16450,16835,7016,3599,3417,7652,3848,3804,11771,5863,5908,5725,2670,3055,1121,470,651
4146354000,21625,10718,10907,3880,2001,1879,5268,2736,2532,7400,3667,3733,4321,2004,2317,756,310,446
4146355000,26296,13548,12748,5535,2778,2757,9652,5323,4329,7840,3937,3903,2868,1369,1499,401,141,260
4146356000,40258,19418,20840,7998,4106,3892,8685,4391,4294,13959,6758,7201,7842,3415,4427,1774,748,1026
4146357000,32008,15647,16361,5480,2840,2640,8002,4058,3944,10431,5025,5406,6616,3048,3568,1479,676,803
4146357200,32702,15694,17008,8722,4359,4363,6794,3256,3538,12635,6214,6421,3774,1579,2195,777,286,491
4146357500,27264,13387,13877,7045,3645,3400,5518,2664,2854,10604,5218,5386,3414,1561,1853,683,299,384
4146357700,26473,12868,13605,6556,3362,3194,6043,2868,3175,8763,4353,4410,4108,1829,2279,1003,456,547
4146358600,24535,11937,12598,4486,2340,2146,6038,3035,3003,8735,4212,4523,4460,2056,2404,816,294,522
4146359000,36213,17762,18451,7621,3952,3669,8115,3986,4129,12696,6211,6485,6339,2961,3378,1442,652,790
4146500000,375568,182957,192611,80153,40681,39472,96058,46965,49093,128974,63173,65801,58680,27081,31599,11703,5057,6646
4146551000,36189,18038,18151,6123,3156,2967,11443,6036,5407,11333,5581,5752,6079,2795,3284,1211,470,741
4146552000,41003,20175,20828,10077,5156,4921,10741,5183,5558,14748,7428,7320,4320,1985,2335,1117,423,694
4146553000,37827,18310,19517,8558,4345,4213,7945,3852,4093,13738,6633,7105,6266,2866,3400,1320,614,706
4146554000,29168,14105,15063,5890,2972,2918,7085,3474,3611,10224,4908,5316,4866,2250,2616,1103,501,602
4146555000,18387,9107,9280,2945,1536,1409,6033,3085,2948,5879,2867,3012,2916,1379,1537,614,240,374
4146555500,27063,13007,14056,5517,2746,2771,7549,3655,3894,9217,4507,4710,3991,1796,2195,789,303,486
4146556000,49723,24478,25245,10951,5626,5325,13063,6308,6755,16959,8473,8486,7588,3593,3995,1162,478,684
4146557000,20422,9775,10647,4792,2369,2423,4648,2200,2448,7081,3446,3635,3203,1449,1754,698,311,387
4146558000,33287,16158,17129,7296,3753,3543,7776,3774,4002,11535,5615,5920,5503,2482,3021,1177,534,643
4146558500,27895,13488,14407,5923,2978,2945,8126,3884,4242,9385,4589,4796,3795,1746,2049,666,291,375
4146559000,54604,26316,28288,12081,6044,6037,11649,5514,6135,18875,9126,9749,10153,4740,5413,1846,892,954
4812000000,1032741,523223,509518,177087,91999,85088,255302,139198,116104,351106,176484,174622,217368,105315,112053,31878,10227,21651
4812100000,218027,110998,107029,36429,18892,17537,56104,30528,25576,75067,37642,37425,44333,22091,22242,6094,1845,4249
4812125000,19769,10073,9696,2823,1488,1335,3929,2258,1671,6946,3559,3387,5084,2486,2598,987,282,705
4812131000,43422,21851,21571,10242,5254,4988,11047,5577,5470,13771,7016,6755,7280,3708,3572,1082,296,786
4812132000,7118,3600,3518,607,330,277,1238,743,495,2054,1097,957,2611,1268,1343,608,162,446
4812151000,50348,25495,24853,8668,4430,4238,13473,7319,6154,17546,8661,8885,9554,4747,4807,1107,338,769
4812152000,25927,13254,12673,4604,2439,2165,7523,4037,3486,9475,4663,4812,3926,1982,1944,399,133,266
4812153000,41362,21036,20326,6002,3130,2872,10362,5687,4675,15226,7516,7710,8761,4347,4414,1011,356,655
4812154000,30081,15689,14392,3483,1821,1662,8532,4907,3625,10049,5130,4919,7117,3553,3564,900,278,622
4812300000,251562,128346,123216,43978,22939,21039,71150,39042,32108,91472,44075,47397,40670,21083,19587,4292,1207,3085
4812351000,41027,20690,20337,8170,4272,3898,9720,5215,4505,15371,7380,7991,7053,3606,3447,713,217,496
4812351500,29453,14802,14651,4647,2471,2176,8497,4586,3911,10522,4986,5536,5170,2579,2591,617,180,437
4812352000,34507,18611,15896,4621,2423,2198,12206,6975,5231,11797,6208,5589,5345,2834,2511,538,171,367
4812353000,27699,13906,13793,5219,2706,2513,7364,4008,3356,10506,4857,5649,4192,2209,1983,418,126,292
4812354000,44616,22186,22430,7767,4011,3756,12373,6669,5704,16312,7525,8787,7342,3783,3559,822,198,624
4812355000,40288,20428,19860,7354,3770,3584,11872,6450,5422,14389,6904,7485,6071,3154,2917,602,150,452
4812356000,26219,13659,12560,5056,2683,2373,7248,4010,3238,9972,4875,5097,3646,2023,1623,297,68,229
4812357000,7753,4064,3689,1144,603,541,1870,1129,741,2603,1340,1263,1851,895,956,285,97,188
4812500000,181322,90141,91181,27460,14188,13272,40180,21652,18528,56281,28863,27418,48781,22654,26127,8620,2784,5836
4812531000,4202,2181,2021,255,136,119,535,357,178,1087,633,454,1894,932,962,431,123,308
4812532000,12129,6239,5890,2060,1079,981,2344,1279,1065,3926,2140,1786,3211,1564,1647,588,177,411
4812533000,3378,1808,1570,184,104,80,430,261,169,936,551,385,1447,787,660,381,105,276
4812534000,3848,1900,1948,178,95,83,369,227,142,946,551,395,1735,863,872,620,164,456
4812551000,14124,7007,7117,3338,1701,1637,3362,1663,1699,4493,2313,2180,2576,1216,1360,355,114,241
4812552000,1543,793,750,149,77,72,442,233,209,435,218,217,460,249,211,57,16,41
4812553000,42370,21034,21336,8615,4429,4186,11305,5998,5307,13369,6531,6838,8080,3757,4323,1001,319,682
4812554000,10983,5436,5547,1100,552,548,2739,1511,1228,3191,1636,1555,3328,1533,1795,625,204,421
4812556500,14460,7030,7430,2132,1114,1018,2908,1583,1325,4627,2290,2337,4004,1784,2220,789,259,530
4812557000,9001,4350,4651,1064,522,542,1843,994,849,2835,1398,1437,2738,1267,1471,521,169,352
4812558000,10286,5058,5228,1253,711,542,1958,1104,854,3248,1575,1673,3307,1500,1807,520,168,352
4812561000,16106,7988,8118,2548,1321,1227,3566,1895,1671,4924,2549,2375,4353,1979,2374,715,244,471
4812563000,19334,9550,9784,2126,1106,1020,4112,2192,1920,6120,3231,2889,5901,2648,3253,1075,373,702
4812564000,7328,3707,3621,833,431,402,1575,897,678,2253,1225,1028,2224,996,1228,443,158,285
4812565000,12230,6060,6170,1625,810,815,2692,1458,1234,3891,2022,1869,3523,1579,1944,499,191,308
4812700000,186881,93661,93220,29764,15469,14295,41331,22458,18873,62963,31715,31248,46347,21800,24547,6476,2219,4257
4812725000,63446,31908,31538,12399,6458,5941,14110,7595,6515,23569,11588,11981,11679,5765,5914,1689,502,1187
4812751000,10164,5028,5136,953,501,452,1765,1037,728,3014,1591,1423,3728,1635,2093,704,264,440
4812752000,10064,4975,5089,1425,758,667,2393,1247,1146,2975,1520,1455,2851,1318,1533,420,132,288
4812754500,16791,8387,8404,2282,1180,1102,3928,2119,1809,5148,2666,2482,4781,2181,2600,652,241,411
4812755000,6037,3069,2968,461,238,223,1042,620,422,1791,963,828,2338,1092,1246,405,156,249
4812756000,10970,5501,5469,1340,719,621,2485,1382,1103,3435,1744,1691,3301,1522,1779,409,134,275
4812757000,31215,15398,15817,6455,3320,3135,7036,3661,3375,10728,5197,5531,6269,2948,3321,727,272,455
4812758000,9297,4725,4572,1183,612,571,2323,1275,1048,2915,1508,1407,2527,1209,1318,349,121,228
4812759000,7489,3755,3734,682,355,327,1620,910,710,2409,1268,1141,2477,1121,1356,301,101,200
4812760000,8860,4447,4413,1017,513,504,1732,1001,731,2882,1502,1380,2851,1292,1559,378,139,239
4812761000,9329,4664,4665,1235,625,610,2240,1196,1044,2975,1507,1468,2571,1218,1353,308,118,190
4812762000,3219,1804,1415,332,190,142,657,415,242,1122,661,461,974,499,475,134,39,95
4812900000,194949,100077,94872,39456,20511,18945,46537,25518,21019,65323,34189,31134,37237,17687,19550,6396,2172,4224
4812953000,16962,8811,8151,3145,1582,1563,4299,2598,1701,5084,2717,2367,3593,1613,1980,841,301,540
4812954000,8469,4183,4286,906,509,397,1479,880,599,2491,1278,1213,2821,1228,1593,772,288,484
4812955000,4130,2079,2051,404,219,185,712,411,301,1198,645,553,1474,686,788,342,118,224
4812956000,11097,5621,5476,1919,1034,885,2494,1380,1114,3516,1768,1748,2738,1294,1444,430,145,285
4812957000,7431,3666,3765,1262,667,595,1512,819,693,2401,1192,1209,1862,862,1000,394,126,268
4812958000,17555,9013,8542,3792,1960,1832,4279,2359,1920,6223,3118,3105,2897,1439,1458,364,137,227
4812959000,8583,4541,4042,846,456,390,2058,1252,806,2734,1490,1244,2572,1222,1350,373,121,252
4812960000,21235,10590,10645,4489,2304,2185,5164,2685,2479,7255,3603,3652,3796,1842,1954,531,156,375
4812961000,10154,5004,5150,2208,1148,1060,2410,1306,1104,3140,1549,1591,2033,892,1141,363,109,254
4812962000,25699,12858,12841,6566,3432,3134,5720,2899,2821,8630,4272,4358,4216,2041,2175,567,214,353
4812963000,12985,6594,6391,2788,1433,1355,3619,1855,1764,3966,2091,1875,2206,1081,1125,406,134,272
4812964000,6975,3583,3392,1195,635,560,1453,816,637,2406,1256,1150,1591,791,800,330,85,245
4812965000,43674,23534,20140,9936,5132,4804,11338,6258,5080,16279,9210,7069,5438,2696,2742,683,238,445
4711000000,503852,255292,248560,83503,43559,39944,114210,63433,50777,165871,83585,82286,121477,58762,62715,18791,5953,12838
4711100000,230801,119438,111363,37303,19452,17851,52447,30015,22432,76467,39817,36650,56385,27559,28826,8199,2595,5604
4711125000,7335,3699,3636,358,192,166,805,481,324,2031,1203,828,3305,1555,1750,836,268,568
4711125300,30278,15421,14857,5724,2993,2731,6346,3470,2876,10996,5476,5520,6411,3242,3169,801,240,561
4711125600,56185,30070,26115,11213,5853,5360,14807,8589,6218,19299,10455,8844,9517,4756,4761,1349,417,932
4711131000,3396,1764,1632,198,99,99,480,294,186,933,529,404,1504,773,731,281,69,212
4711132000,9763,4913,4850,1255,633,622,1852,1031,821,3016,1593,1423,3031,1460,1571,609,196,413
4711133000,4038,1974,2064,181,87,94,363,218,145,970,574,396,1807,869,938,717,226,491
4711135000,1871,928,943,97,56,41,177,113,64,499,309,190,830,385,445,268,65,203
4711152500,24717,12828,11889,2521,1323,1198,6115,3577,2538,7637,4021,3616,7714,3633,4081,730,274,456
4711154500,17140,8809,8331,1309,680,629,3185,1916,1269,5432,2928,2504,6480,3016,3464,734,269,465
4711155000,12172,6082,6090,1031,557,474,1912,1089,823,3555,1904,1651,4938,2278,2660,736,254,482
4711156000,4736,2564,2172,455,225,230,1137,727,410,1321,757,564,1578,767,811,245,88,157
4711157000,3007,1822,1185,318,176,142,1122,838,284,835,448,387,642,327,315,90,33,57
4711158000,30598,15571,15027,7588,3953,3635,7180,3811,3369,10585,5108,5477,4914,2609,2305,331,90,241
4711159000,25565,12993,12572,5055,2625,2430,6966,3861,3105,9358,4512,4846,3714,1889,1825,472,106,366
4711300000,273051,135854,137197,46200,24107,22093,61763,33418,28345,89404,43768,45636,65092,31203,33889,10592,3358,7234
4711325000,40958,20538,20420,7340,3851,3489,9039,4921,4118,13361,6665,6696,9372,4573,4799,1846,528,1318
4711331000,2928,1455,1473,149,82,67,297,180,117,682,372,310,1331,679,652,469,142,327
4711332000,4760,2338,2422,291,158,133,529,313,216,1323,750,573,1998,933,1065,619,184,435
4711333000,2499,1208,1291,124,53,71,252,152,100,634,363,271,1114,535,579,375,105,270
4711334000,4968,2414,2554,262,124,138,509,316,193,1234,678,556,2235,1080,1155,728,216,512
4711335000,2140,1069,1071,87,49,38,125,80,45,526,310,216,1043,514,529,359,116,243
4711335500,609,304,305,22,9,13,41,25,16,147,84,63,323,159,164,76,27,49
4711336000,1310,646,664,56,33,23,106,64,42,304,175,129,632,312,320,212,62,150
4711352000,15484,7613,7871,1326,658,668,3271,1807,1464,4575,2374,2201,5352,2438,2914,960,336,624
4711363000,16808,8343,8465,2875,1511,1364,3825,2119,1706,5874,2731,3143,3812,1841,1971,422,141,281
4711365500,19951,9838,10113,1654,843,811,4736,2659,2077,5917,3002,2915,6688,2979,3709,956,355,601
4711366500,21936,10724,11212,3182,1687,1495,4454,2418,2036,7211,3415,3796,6246,2887,3359,843,317,526
4711368000,33437,16355,17082,6380,3360,3020,8415,4426,3989,11111,5182,5929,6691,3172,3519,840,215,625
4711369000,23048,11397,11651,3926,2035,1891,5282,2885,2397,7849,3647,4202,5379,2604,2775,612,226,386
4711370000,72666,36901,35765,16538,8641,7897,18841,9997,8844,25516,12482,13034,10729,5481,5248,1042,300,742
4711371000,9549,4711,4838,1988,1013,975,2041,1056,985,3140,1538,1602,2147,1016,1131,233,88,145
4511000000,657269,323427,333842,121514,62567,58947,173458,89607,83851,212204,104264,107940,126109,58608,67501,23984,8381,15603
4511100000,335804,163494,172310,57667,29888,27779,87728,45044,42684,108541,52325,56216,68842,31766,37076,13026,4471,8555
4511151000,7398,3707,3691,771,400,371,1587,852,735,2074,1100,974,2404,1131,1273,562,224,338
4511153000,4023,1996,2027,245,132,113,733,408,325,1118,631,487,1542,680,862,385,145,240
4511160500,11917,5825,6092,1303,694,609,2579,1352,1227,3493,1801,1692,3647,1640,2007,895,338,557
4511163500,5414,2663,2751,637,339,298,1129,584,545,1571,852,719,1643,750,893,434,138,296
4511165000,6269,3105,3164,678,360,318,1181,638,543,1805,949,856,2101,988,1113,504,170,334
4511166000,8619,4222,4397,885,460,425,1742,948,794,2632,1385,1247,2818,1249,1569,542,180,362
4511167100,14335,6896,7439,2125,1143,982,3792,1921,1871,4318,1982,2336,3439,1589,1850,661,261,400
4511167200,19688,9833,9855,3887,2012,1875,5661,2929,2732,6682,3267,3415,2959,1453,1506,499,172,327
4511168000,40880,19831,21049,7961,4084,3877,11437,5767,5670,13848,6531,7317,6429,3000,3429,1205,449,756
4511169100,12874,6199,6675,1346,729,617,2648,1444,1204,3889,1999,1890,4057,1753,2304,934,274,660
4511169200,45827,22089,23738,8946,4584,4362,10776,5488,5288,15122,7163,7959,9401,4354,5047,1582,500,1082
4511170100,11502,5599,5903,1689,875,814,2831,1512,1319,3735,1750,1985,2786,1319,1467,461,143,318
4511170200,13436,6465,6971,1838,938,900,3276,1712,1564,4236,1950,2286,3562,1692,1870,524,173,351
4511170300,21952,10619,11333,3801,1962,1839,5099,2680,2419,7622,3579,4043,4509,2095,2414,921,303,618
4511171100,10731,5141,5590,1422,763,659,2412,1257,1155,3223,1554,1669,3064,1344,1720,610,223,387
4511171200,10040,4786,5254,1348,674,674,2492,1288,1204,3080,1465,1615,2704,1207,1497,416,152,264
4511171300,14686,6909,7777,2381,1239,1142,3589,1845,1744,4518,2009,2509,3509,1563,1946,689,253,436
4511171400,39426,19174,20252,9202,4776,4426,11251,5546,5705,13105,6196,6909,5167,2462,2705,701,194,507
4511173000,36787,18435,18352,7202,3724,3478,13513,6873,6640,12470,6162,6308,3101,1497,1604,501,179,322
4511300000,321465,159933,161532,63847,32679,31168,85730,44563,41167,103663,51939,51724,57267,26842,30425,10958,3910,7048
4511352500,14084,6875,7209,1601,874,727,2980,1609,1371,3999,2013,1986,4308,1906,2402,1196,473,723
4511354000,18232,8748,9484,3639,1812,1827,4103,2100,2003,5852,2792,3060,3888,1749,2139,750,295,455
4511355000,11097,5536,5561,1195,633,562,2806,1476,1330,3185,1681,1504,3241,1458,1783,670,288,382
4511356000,31930,15676,16254,6379,3223,3156,8553,4412,4141,11163,5491,5672,4867,2223,2644,968,327,641
4511357000,20831,10564,10267,3622,1873,1749,7093,3760,3333,5880,3063,2817,3544,1614,1930,692,254,438
4511358000,7809,4222,3587,512,257,255,3435,1982,1453,1890,1081,809,1611,756,855,361,146,215
4511359000,9782,4825,4957,1016,542,474,2499,1347,1152,2746,1415,1331,2914,1280,1634,607,241,366
4511360000,7519,4109,3410,736,389,347,1593,975,618,2425,1464,961,2327,1132,1195,438,149,289
4511361100,12462,6219,6243,1951,960,991,3521,1843,1678,3877,1953,1924,2650,1286,1364,463,177,286
4511361200,14481,7564,6917,1994,998,996,3902,2150,1752,5062,2718,2344,2946,1486,1460,577,212,365
4511362000,19907,9544,10363,3781,1891,1890,4507,2352,2155,6526,3059,3467,4321,1987,2334,772,255,517
4511364100,63781,31610,32171,17109,8794,8315,17514,8792,8722,21342,10442,10900,6822,3269,3553,994,313,681
4511364200,26102,12733,13369,4956,2524,2432,6664,3433,3231,8598,4078,4520,5010,2407,2603,874,291,583
4511365000,12573,6469,6104,1801,947,854,3238,1776,1462,4003,2138,1865,2890,1420,1470,641,188,453
4511366500,30638,15414,15224,6798,3535,3263,8724,4478,4246,9839,4966,4873,4520,2188,2332,757,247,510
4511367000,20237,9825,10412,6757,3427,3330,4598,2078,2520,7276,3585,3691,1408,681,727,198,54,144
4511800000,0,0,0,0,0,0,0,0,0,0,0,0,0,0,0,0,0,0
4413000000,658486,336612,321874,126354,65121,61233,197409,104596,92813,215779,111433,104346,100618,49408,51210,18326,6054,12272
4413100000,255292,129399,125893,44393,23013,21380,66226,35061,31165,85226,43623,41603,49801,24450,25351,9646,3252,6394
4413125000,24376,12465,11911,4135,2160,1975,5268,2827,2441,8936,4730,4206,4947,2399,2548,1090,349,741
4413131000,4068,2243,1825,319,176,143,689,442,247,1161,693,468,1502,793,709,397,139,258
4413132000,4301,2173,2128,284,148,136,618,355,263,1259,667,592,1683,866,817,457,137,320
4413133000,4349,2277,2072,331,176,155,698,427,271,1348,746,602,1551,786,765,421,142,279
4413134000,3078,1606,1472,215,101,114,393,240,153,878,514,364,1249,642,607,343,109,234
4413135000,2254,1232,1022,125,66,59,337,217,120,629,400,229,882,450,432,281,99,182
4413136000,6149,3282,2867,575,297,278,1324,842,482,1868,1032,836,1885,946,939,497,165,332
4413137000,2071,1118,953,88,54,34,222,136,86,568,361,207,894,469,425,299,98,201
4413151000,5368,2800,2568,452,239,213,1059,586,473,1637,923,714,1861,913,948,359,139,220
4413152000,4230,2218,2012,371,197,174,1198,635,563,1297,735,562,1174,580,594,190,71,119
4413153000,8608,4449,4159,1024,571,453,1898,1072,826,2837,1481,1356,2382,1162,1220,467,163,304
4413154000,9191,4716,4475,892,466,426,1956,1129,827,3073,1609,1464,2676,1287,1389,594,225,369
4413155000,18018,9238,8780,2455,1313,1142,5239,2813,2426,6089,3135,2954,3698,1813,1885,537,164,373
4413156000,23052,11462,11590,5144,2613,2531,5030,2564,2466,8342,4142,4200,3877,1915,1962,659,228,431
4413157000,44450,22750,21700,10033,5288,4745,12528,6796,5732,15856,7998,7858,5169,2439,2730,864,229,635
4413158000,54874,27393,27481,12533,6425,6108,14572,7462,7110,18589,9221,9368,7931,3857,4074,1249,428,821
4413159000,36855,17977,18878,5417,2723,2694,13197,6518,6679,10859,5236,5623,6440,3133,3307,942,367,575
4413300000,403194,207213,195981,81961,42108,39853,131183,69535,61648,130553,67810,62743,50817,24958,25859,8680,2802,5878
4413325000,23797,12420,11377,3206,1677,1529,4750,2710,2040,7797,4315,3482,6545,3190,3355,1499,528,971
4413325300,21502,11267,10235,3965,1992,1973,5144,2851,2293,7798,4225,3573,3866,1950,1916,729,249,480
4413325600,20057,10926,9131,3184,1676,1508,5172,3086,2086,7225,4082,3143,3725,1839,1886,751,243,508
4413331000,8420,4562,3858,775,408,367,1573,1002,571,2760,1586,1174,2657,1329,1328,655,237,418
4413351000,17780,9366,8414,2059,1067,992,5285,2937,2348,5960,3237,2723,3881,1913,1968,595,212,383
4413352000,25868,13987,11881,2089,1074,1015,12139,6723,5416,7479,4224,3255,3652,1818,1834,509,148,361
4413353000,13796,6759,7037,1999,1021,978,4199,2192,2007,4309,2079,2230,2860,1329,1531,429,138,291
4413354000,37323,18368,18955,7820,4039,3781,10875,5600,5275,13201,6188,7013,4745,2317,2428,682,224,458
4413355000,18708,9060,9648,3580,1874,1706,4828,2485,2343,6551,3091,3460,3127,1448,1679,622,162,460
4413356000,40497,20373,20124,10995,5648,5347,11505,5787,5718,13753,6933,6820,3741,1857,1884,503,148,355
4413356600,33189,16637,16552,8339,4292,4047,10789,5469,5320,11461,5619,5842,2273,1156,1117,327,101,226
4413356700,37270,18624,18646,11549,5871,5678,11905,5671,6234,11971,6213,5758,1647,816,831,198,53,145
4413358000,47267,24407,22860,8004,4115,3889,19693,10507,9186,14343,7326,7017,4512,2215,2297,715,244,471
4413359000,57720,30457,27263,14397,7354,7043,23326,12515,10811,15945,8692,7253,3586,1781,1805,466,115,351
4311000000,848482,427881,420601,155875,80163,75712,236530,126960,109570,273831,137983,135848,153578,73444,80134,28668,9331,19337
4311100000,193827,96267,97560,35554,18234,17320,47814,25126,22688,63903,31753,32150,38806,18641,20165,7750,2513,5237
4311131000,2236,1172,1064,102,56,46,278,161,117,604,334,270,958,524,434,294,97,197
4311132000,4898,2523,2375,277,143,134,587,357,230,1211,698,513,2175,1115,1060,648,210,438
4311133000,3859,1971,1888,198,101,97,501,289,212,1176,650,526,1558,809,749,426,122,304
4311134000,6852,3502,3350,834,418,416,1366,792,574,2082,1082,1000,2025,1034,991,545,176,369
4311135000,3891,2031,1860,260,143,117,494,290,204,1090,647,443,1504,770,734,543,181,362
4311152500,6925,3380,3545,890,472,418,1911,983,928,2013,1008,1005,1672,761,911,439,156,283
4311154500,6834,3509,3325,595,313,282,1646,954,692,1944,1057,887,2119,978,1141,530,207,323
4311162000,8591,4190,4401,1023,513,510,1735,977,758,2718,1367,1351,2539,1131,1408,576,202,374
4311167000,10548,5243,5305,1418,713,705,2393,1275,1118,3382,1776,1606,2848,1298,1550,507,181,326
4311168000,31021,15044,15977,6208,3162,3046,7474,3821,3653,10665,5153,5512,5718,2592,3126,956,316,640
4311169000,13402,6616,6786,3433,1778,1655,2977,1512,1465,4649,2260,2389,1995,944,1051,348,122,226
4311172000,54832,27420,27412,11667,6005,5662,15068,7848,7220,18788,9255,9533,8138,3989,4149,1171,323,848
4311173000,39938,19666,20272,8649,4417,4232,11384,5867,5517,13581,6466,7115,5557,2696,2861,767,220,547
4311200000,192899,95958,96941,32220,16639,15581,50368,26931,23437,63433,31280,32153,39552,18650,20902,7326,2458,4868
4311231000,10073,5262,4811,1246,615,631,2171,1237,934,3274,1740,1534,2791,1469,1322,591,201,390
4311232000,3230,1677,1553,184,101,83,379,218,161,869,513,356,1332,701,631,466,144,322
4311251000,6515,3352,3163,677,321,356,1436,805,631,2138,1155,983,1872,930,942,392,141,251
4311252000,13728,6709,7019,2669,1356,1313,3327,1671,1656,4214,2045,2169,2972,1448,1524,546,189,357
4311253000,14622,7314,7308,1517,771,746,5402,2945,2457,3871,1921,1950,3269,1453,1816,563,224,339
4311254000,15644,7891,7753,1746,901,845,4266,2361,1905,4723,2450,2273,4171,1928,2243,738,251,487
4311255000,26382,13176,13206,6063,3092,2971,6735,3532,3203,9583,4700,4883,3432,1660,1772,569,192,377
4311256000,30172,14669,15503,6241,3240,3001,7587,3984,3603,10935,5154,5781,4499,2007,2492,910,284,626
4311257000,13247,6711,6536,1396,762,634,3294,1875,1419,4031,2039,1992,3791,1766,2025,735,269,466
4311258000,15920,7838,8082,2245,1165,1080,3684,1996,1688,5173,2525,2648,4060,1934,2126,758,218,540
4311259000,43366,21359,22007,8236,4315,3921,12087,6307,5780,14622,7038,7584,7363,3354,4009,1058,345,713
4311300000,267429,135780,131649,49731,25532,24199,81839,43861,37978,86207,43508,42699,42601,20584,22017,7051,2295,4756
4311325000,24178,12030,12148,4569,2332,2237,7317,3618,3699,7511,3897,3614,3974,1918,2056,807,265,542
4311331000,10742,5514,5228,1662,835,827,2480,1356,1124,3565,1875,1690,2492,1282,1210,543,166,377
4311332000,17932,9186,8746,3520,1811,1709,5237,2776,2461,5324,2806,2518,3217,1589,1628,634,204,430
4311370000,16746,8298,8448,2214,1151,1063,4278,2327,1951,5676,2736,2940,3893,1875,2018,685,209,476
4311374100,50588,25793,24795,11927,6156,5771,15383,8129,7254,17254,8747,8507,5255,2505,2750,769,256,513
4311374200,15840,8114,7726,1613,852,761,5172,2998,2174,4756,2371,2385,3741,1704,2037,558,189,369
4311374700,55569,27189,28380,11650,5963,5687,14757,7614,7143,19463,9128,10335,8575,4095,4480,1124,389,735
4311375100,9666,5125,4541,996,513,483,3665,2030,1635,2819,1537,1282,1913,947,966,273,98,175
4311375600,24028,12852,11176,3812,1927,1885,8171,4744,3427,7754,4134,3620,3744,1863,1881,547,184,363
4311376000,28535,14462,14073,4208,2164,2044,10025,5312,4713,8803,4504,4299,4655,2223,2432,844,259,585
4311377000,13605,7217,6388,3560,1828,1732,5354,2957,2397,3282,1773,1509,1142,583,559,267,76,191
4311400000,194327,99876,94451,38370,19758,18612,56509,31042,25467,60288,31442,28846,32619,15569,17050,6541,2065,4476
4311425000,19127,9838,9289,3159,1637,1522,4144,2366,1778,6518,3460,3058,4315,2099,2216,991,276,715
4311425300,70536,37627,32909,17332,8883,8449,23949,13526,10423,20703,11277,9426,7228,3541,3687,1324,400,924
4311431000,4534,2433,2101,231,119,112,621,405,216,1239,766,473,1871,968,903,572,175,397
4311451000,12332,6230,6102,1232,617,615,3598,1957,1641,3477,1892,1585,3258,1499,1759,767,265,502
4311452000,8474,4267,4207,833,428,405,1837,1061,776,2612,1388,1224,2637,1186,1451,555,204,351
4311453000,13379,6849,6530,1877,989,888,3655,2025,1630,4195,2159,2036,3054,1457,1597,598,219,379
4311454000,47655,23621,24034,9054,4718,4336,14050,7420,6630,15620,7481,8139,7717,3628,4089,1214,374,840
4311455000,18290,9011,9279,4652,2367,2285,4655,2282,2373,5924,3019,2905,2539,1191,1348,520,152,368
